35.000000
34.766667
34.443866
34.040837
33.568386
33.038044
32.461343
31.849241
31.211716
30.557528
29.894122
29.227642
28.563023
27.904135
27.253942
26.614667
25.987949
25.374974
24.776596
24.193432
23.625936
23.074461
22.539306
22.020750
21.519082
21.034626
20.567755
20.118914
19.688631
19.277539
18.886391
18.516081
18.167662
17.842374
17.541667
17.267234
17.021041
16.805365
16.622828
16.476443
16.369649
16.306356
16.290981
16.328473
16.424340
16.584639
16.815953
17.125323
17.520127
18.007893
18.596022
19.291405
20.099918
21.025775
22.070741
23.233226
24.507284
25.881611
27.338641
28.853921
30.395928
31.926560
33.402451
34.777196
36.004420
37.041438
37.853054
38.414922
38.715874
38.758752
38.559574
38.145186
37.549863
36.811496
35.968001
35.054434
34.101069
33.132443
32.167246
31.218785
30.295801
29.403408
28.544015
27.718134
26.925046
26.163301
25.431085
24.726468
24.047563
23.392612
22.760036
22.148448
21.556646
20.983604
20.428448
19.890442
19.368966
18.863505
18.373630
17.898994
17.439325
16.994421
16.564149
16.148447
15.747331
15.360898
14.989335
14.632934
14.292103
13.967386
13.659482
13.369274
13.097856
12.846569
12.617045
12.411252
12.231553
12.080770
11.962257
11.879982
11.838623
11.843663
11.901496
12.019536
12.206317
12.471572
12.826294
13.282725
13.854270
14.555289
15.400701
16.405363
17.583145
18.945630
20.500403
22.248915
24.183977
26.287073
28.525809
30.852017
33.201165
35.493812
37.639723
39.544863
41.120823
42.295412
43.022387
43.288054
43.112947
42.547960
41.665848
40.550242
39.284741
37.944247
36.589662
35.265966
34.002969
32.817670
31.717271
30.702151
29.768404
28.909800
28.119171
27.389328
26.713597
26.086103
25.501876
24.956856
24.447835
23.972372
23.528703
23.115653
22.732554
22.379182
22.055703
21.762630
21.500791
21.271305
21.075562
20.915211
20.792142
20.708475
20.666538
20.668843
20.718054
20.816933
20.968284
21.174863
21.439273
21.763831
22.150399
22.600195
23.113566
23.689740
24.326557
25.020208
25.764976
26.553035
27.374319
28.216496
29.065096
29.903807
30.714962
31.480210
32.181348
32.801257
33.324853
33.739973
34.038079
34.214709
34.269609
34.206536
34.032767
33.758380
33.395404
32.956935
32.456322
31.906479
31.319363
30.705641
30.074516
29.433699
28.789473
28.146838
27.509683
26.880975
26.262934
25.657207
25.064998
24.487198
23.924474
23.377345
22.846245
22.331566
21.833695
21.353041
20.890060
20.445273
20.019287
19.612811
19.226675
18.861852
18.519476
18.200870
17.907569
17.641351
17.404265
17.198670
17.027268
16.893137
16.799775
16.751128
16.751617
16.806167
16.920199
17.099623
17.350787
17.680385
18.095317
18.602472
19.208426
19.919033
20.738912
21.670792
22.714756
23.867383
25.120847
26.462054
27.871943
29.325088
30.789787
32.228801
33.600846
34.862887
35.973085
36.894137
37.596556
38.061394
38.281920
38.263917
38.024560
37.590062
36.992546
36.266700
35.446722
34.563940
33.645267
32.712485
31.782215
30.866364
29.972847
29.106402
28.269388
27.462480
26.685241
25.936560
25.214974
24.518880
23.846685
23.196881
22.568094
21.959098
21.368814
20.796299
20.240735
19.701407
19.177696
18.669056
18.175010
17.695135
17.229061
16.776459
16.337043
15.910566
15.496821
15.095640
14.706900
14.330523
13.966485
13.614819
13.275626
12.949086
12.635465
12.335138
12.048602
11.776498
11.519637
11.279035
11.055941
10.851891
10.668748
10.508772
10.374685
10.269750
10.197872
10.163699
10.172742
10.231508
10.347639
10.530055
10.789095
11.136630
11.586145
12.152737
12.853005
13.704757
14.726473
15.936429
17.351376
18.984693
20.843946
22.927842
25.222734
27.698976
30.307721
32.979005
35.622179
38.129724
40.385152
42.274785
43.702032
44.601463
44.949268
44.767076
44.117737
43.094035
41.803412
40.352665
38.835936
37.327703
35.880720
34.527677
33.284936
32.156915
31.140175
30.226735
29.406501
28.668889
28.003823
27.402262
26.856431
26.359861
25.907312
25.494654
25.118724
24.777183
24.468384
24.191258
23.945216
23.730063
23.545931
23.393215
23.272528
23.184645
23.130469
23.110981
23.127199
23.180126
23.270699
23.399728
23.567829
23.775349
24.022284
24.308192
24.632099
24.992407
25.386807
25.812195
26.264615
26.739217
27.230253
27.731116
28.234420
28.732144
29.215815
29.676757
30.106365
30.496413
30.839372
31.128703
31.359117
31.526776
31.629415
31.666374
31.638553
31.548274
31.399089
31.195535
30.942870
30.646805
30.313257
29.948129
29.557136
29.145674
28.718730
28.280834
27.836048
27.387971
26.939774
26.494239
26.053810
25.620643
25.196660
24.783594
24.383038
23.996484
23.625359
23.271059
22.934981
22.618542
22.323210
22.050520
21.802095
21.579662
21.385064
21.220273
21.087399
20.988689
20.926530
20.903432
20.922019
20.984991
21.095083
21.255004
21.467359
21.734543
22.058616
22.441145
22.883028
23.384284
23.943833
24.559255
25.226561
25.939984
26.691812
27.472297
28.269674
29.070299
29.858954
30.619308
31.334539
31.988084
32.564467
33.050134
33.434211
33.709109
33.870891
33.919378
33.857961
33.693174
33.434063
33.091449
32.677160
32.203316
31.681717
31.123383
30.538232
29.934921
29.320792
28.701920
28.083221
27.468598
26.861100
26.263077
25.676328
25.102230
24.541848
23.996023
23.465447
22.950718
22.452392
21.971014
21.507152
21.061421
20.634504
20.227177
19.840325
19.474963
19.132261
18.813563
18.520417
18.254595
18.018129
17.813335
17.642848
17.509653
17.417111
17.368992
17.369490
17.423232
17.535279
17.711091
17.956475
18.277486
18.680275
19.170883
19.754938
20.437283
21.221490
22.109277
23.099834
24.189079
25.368901
26.626451
27.943602
29.296688
30.656674
31.989880
33.259338
34.426795
35.455237
36.311706
36.970041
37.413148
37.634408
37.637964
37.437849
37.056091
36.520161
35.860185
35.106351
34.286804
33.426219
32.545045
31.659340
30.781037
29.918473
29.077047
28.259880
27.468421
26.702962
25.963040
25.247745
24.555938
23.886397
23.237913
22.609343
21.999636
21.407845
20.833123
20.274715
19.731948
19.204218
18.690982
18.191744
17.706049
17.233476
16.773629
16.326138
15.890649
15.466826
15.054346
14.652899
14.262186
13.881917
13.511814
13.151605
12.801027
12.459826
12.127755
11.804574
11.490053
11.183967
10.886098
10.596238
10.314184
10.039742
9.772727
9.512960
9.260272
9.014505
8.775509
8.543146
8.317290
8.097829
7.884669
7.677731
7.476959
7.282321
7.093813
6.911467
6.735355
6.565596
6.402370
6.245925
6.096596
5.954819
5.821157
5.696322
5.581211
5.476945
5.384916
5.306847
5.244862
5.201574
5.180185
5.184612
5.219635
5.291065
5.405955
5.572825
5.801928
6.105534
6.498237
6.997245
7.622642
8.397550
9.348121
10.503239
11.893768
13.551145
15.505070
17.780018
20.390379
23.334157
26.585503
30.086906
33.742613
37.415699
40.931690
44.091423
46.694030
48.567678
49.601589
49.769954
49.138956
47.853181
46.105348
44.099421
42.018454
40.004631
38.152964
36.515433
35.110575
33.934232
32.968870
32.190477
31.573096
31.091462
30.722332
30.445007
30.241380
30.095768
29.994648
29.926390
29.881003
29.849938
29.825912
29.802779
29.775425
29.739675
29.692226
29.630572
29.552937
29.458212
29.345883
29.215957
29.068898
28.905548
28.727065
28.534850
28.330492
28.115711
27.892315
27.662152
27.427086
27.188967
26.949615
26.710802
26.474250
26.241624
26.014531
25.794522
25.583096
25.381704
25.191751
25.014605
24.851597
24.704027
24.573161
24.460236
24.366451
24.292970
24.240905
24.211314
24.205179
24.223395
24.266743
24.335865
24.431240
24.553141
24.701607
24.876402
25.076972
25.302407
25.551402
25.822226
26.112690
26.420132
26.741416
27.072936
27.410656
27.750152
28.086691
28.415319
28.730979
29.028635
29.303418
29.550759
29.766537
29.947201
30.089876
30.192445
30.253595
30.272831
30.250457
30.187521
30.085742
29.947407
29.775263
29.572404
29.342154
29.087965
28.813323
28.521672
28.216356
27.900570
27.577333
27.249475
26.919632
26.590247
26.263589
25.941764
25.626737
25.320350
25.024348
24.740396
24.470099
24.215024
23.976712
23.756693
23.556503
23.377686
23.221806
23.090447
22.985216
22.907736
22.859635
22.842535
22.858026
22.907642
22.992819
23.114851
23.274835
23.473604
23.711653
23.989056
24.305371
24.659551
25.049841
25.473695
25.927692
26.407481
26.907751
27.422243
27.943801
28.464487
28.975748
29.468639
29.934099
30.363267
30.747809
31.080260
31.354321
31.565117
31.709373
31.785507
31.793626
31.735430
31.614033
31.433725
31.199701
30.917767
30.594063
30.234814
29.846116
29.433775
29.003192
28.559295
28.106505
27.648745
27.189458
26.731652
26.277953
25.830655
25.391780
24.963128
24.546333
24.142899
23.754249
23.381758
23.026783
22.690696
22.374905
22.080881
21.810175
21.564439
21.345442
21.155083
20.995402
20.868592
20.776994
20.723104
20.709552
20.739093
20.814563
20.938841
21.114778
21.345112
21.632354
21.978649
22.385613
22.854126
23.384119
23.974321
24.622010
25.322761
26.070223
26.855953
27.669331
28.497595
29.326024
30.138293
30.917011
31.644420
32.303233
32.877538
33.353691
33.721105
33.972841
34.105935
34.121419
34.024036
33.821697
33.524750
33.145155
32.695661
32.189060
31.637583
31.052453
30.443611
29.819591
29.187516
28.553181
27.921199
27.295163
26.677826
26.071269
25.477050
24.896333
24.329998
23.778728
23.243080
22.723534
22.220544
21.734562
21.266075
20.815621
20.383812
19.971354
19.579065
19.207893
18.858943
18.533494
18.233027
17.959250
17.714132
17.499931
17.319229
17.174967
17.070476
17.009513
16.996284
17.035468
17.132215
17.292137
17.521264
17.825960
18.212799
18.688363
19.258972
19.930314
20.706970
21.591822
22.585358
23.684878
24.883653
26.170107
27.527128
28.931630
30.354542
31.761360
33.113395
34.369750
35.489952
36.437014
37.180550
37.699496
37.983971
38.035931
37.868502
37.504089
36.971644
36.303568
35.532730
34.690027
33.802657
32.893195
31.979342
31.074190
30.186806
29.322969
28.485923
27.677057
26.896495
26.143545
25.417049
24.715620
24.037810
23.382207
22.747494
22.132476
21.536086
20.957383
20.395537
19.849820
19.319585
18.804262
18.303338
17.816352
17.342885
16.882555
16.435011
15.999930
15.577017
15.165999
14.766631
14.378691
14.001983
13.636342
13.281632
12.937751
12.604640
12.282279
11.970706
11.670015
11.380373
11.102026
10.835321
10.580718
10.338814
10.110368
9.896333
9.697889
9.516491
9.353920
9.212344
9.094390
9.003234
8.942696
8.917358
8.932695
8.995225
9.112665
9.294114
9.550219
9.893348
10.337724
10.899495
11.596710
12.449112
13.477688
14.703867
16.148231
17.828624
19.757547
21.938774
24.363277
27.004749
29.815321
32.722432
35.628169
38.412497
40.941502
43.080840
44.713005
45.755257
46.173783
45.989852
45.275635
44.140614
42.712455
41.117654
39.466469
37.844411
36.310170
34.898195
33.623721
32.488386
31.485260
30.602781
29.827534
29.146025
28.545706
28.015476
27.545852
27.128936
26.758288
26.428745
26.136234
25.877596
25.650420
25.452901
25.283726
25.141960
25.026972
24.938352
24.875849
24.839320
24.828675
24.843833
24.884679
24.951024
25.042559
25.158823
25.299162
25.462690
25.648259
25.854426
26.079431
26.321173
26.577207
26.844740
27.120647
27.401496
27.683593
27.963037
28.235791
28.497769
28.744926
28.973361
29.179419
29.359791
29.511602
29.632488
29.720657
29.774920
29.794714
29.780085
29.731663
29.650609
29.538553
29.397516
29.229836
29.038081
28.824974
28.593323
28.345960
28.085687
27.815237
27.537245
27.254230
26.968579
26.682551
26.398272
26.117749
25.842875
25.575445
25.317166
25.069676
24.834552
24.613326
24.407495
24.218531
24.047890
23.897013
23.767334
23.660276
23.577251
23.519647
23.488821
23.486079
23.512655
23.569683
23.658162
23.778914
23.932541
24.119364
24.339369
24.592142
24.876803
25.191940
25.535547
25.904974
26.296885
26.707235
27.131281
27.563609
27.998209
28.428577
28.847857
29.249027
29.625097
29.969339
30.275515
30.538106
30.752502
30.915170
31.023757
31.077142
31.075429
31.019873
30.912761
30.757257
30.557214
30.316984
30.041228
29.734741
29.402303
29.048556
28.677914
28.294501
27.902116
27.504221
27.103946
26.704111
26.307250
25.915647
25.531373
25.156324
24.792252
24.440805
24.103555
23.782027
23.477726
23.192159
22.926858
22.683394
22.463395
22.268557
22.100657
21.961552
21.853188
21.777593
21.736868
21.733170
21.768687
21.845603
21.966045
22.132024
22.345353
22.607554
22.919739
23.282480
23.695664
24.158325
24.668485
25.222989
25.817357
26.445667
27.100488
27.772877
28.452466
29.127644
29.785851
30.413980
30.998865
31.527848
31.989360
32.373493
32.672482
32.881079
32.996752
33.019709
32.952737
32.800883
32.571021
32.271339
31.910823
31.498759
31.044312
30.556189
30.042397
29.510101
28.965563
28.414146
27.860364
27.307966
26.760039
26.219110
25.687249
25.166165
24.657288
24.161844
23.680915
23.215496
22.766532
22.334960
21.921738
21.527875
21.154457
20.802668
20.473813
20.169345
19.890880
19.640226
19.419403
19.230663
19.076512
18.959730
18.883380
18.850821
18.865705
18.931964
19.053776
19.235520
19.481687
19.796767
20.185087
20.650602
21.196624
21.825497
22.538203
23.333920
24.209545
25.159197
26.173774
27.240583
28.343145
29.461242
30.571271
31.646975
32.660560
33.584158
34.391538
35.059899
35.571521
35.915061
36.086292
36.088172
35.930242
35.627441
35.198548
34.664471
34.046611
33.365494
32.639753
31.885509
31.116107
30.342140
29.571673
28.810584
28.062949
27.331427
26.617610
25.922313
25.245818
24.588055
23.948743
23.327482
22.723826
22.137321
21.567539
21.014089
20.476624
19.954854
19.448539
18.957493
18.481590
18.020758
17.574990
17.144344
16.728953
16.329033
15.944892
15.576949
15.225744
14.891962
14.576456
14.280273
14.004686
13.751233
13.521758
13.318464
13.143965
13.001354
12.894271
12.826986
12.804477
12.832524
12.917795
13.067925
13.291586
13.598523
13.999546
14.506448
15.131821
15.888728
16.790181
17.848378
19.073644
20.473032
22.048590
23.795316
25.698946
27.733798
29.861064
32.028026
34.168777
36.206970
38.060849
39.650419
40.905950
41.776431
42.236247
42.288445
41.963694
41.315088
40.410040
39.321159
38.118011
36.861103
35.598593
34.365515
33.184825
32.069490
31.024919
30.051289
29.145490
28.302625
27.517072
26.783184
26.095709
25.450012
24.842162
24.268941
23.727805
23.216817
22.734588
22.280205
21.853177
21.453391
21.081070
20.736756
20.421284
20.135782
19.881661
19.660622
19.474662
19.326073
19.217456
19.151720
19.132075
19.162025
19.245338
19.386002
19.588155
19.855990
20.193616
20.604880
21.093139
21.660969
22.309831
23.039672
23.848495
24.731896
25.682629
26.690221
27.740708
28.816564
29.896883
30.957884
31.973760
32.917888
33.764300
34.489332
35.073250
35.501657
35.766487
35.866439
35.806781
35.598562
35.257366
34.801794
34.251887
33.627691
32.948100
32.230036
31.487987
30.733850
29.977015
29.224603
28.481796
27.752191
27.038149
26.341096
25.661787
25.000515
24.357266
23.731843
23.123948
22.533240
21.959377
21.402039
20.860941
20.335848
19.826575
19.332993
18.855036
18.392699
17.946047
17.515220
17.100444
16.702039
16.320433
15.956177
15.609967
15.282663
14.975315
14.689199
14.425846
14.187087
13.975098
13.792455
13.642190
13.527861
13.453621
13.424296
13.445460
13.523516
13.665761
13.880436
14.176754
14.564868
15.055783
15.661157
16.392977
17.263050
18.282278
19.459664
20.801028
22.307425
23.973318
25.784618
27.716815
29.733529
31.785904
33.813343
35.745991
37.509207
39.029850
40.243721
41.102985
41.582120
41.681012
41.424385
40.857633
40.040003
39.036691
37.911464
36.721028
35.511683
34.318187
33.164329
32.064542
31.025957
30.050464
29.136500
28.280478
27.477827
26.723716
26.013496
25.342959
24.708464
24.106967
23.536009
22.993672
22.478523
21.989565
21.526182
21.088103
20.675368
20.288306
19.927522
19.593893
19.288568
19.012975
18.768836
18.558180
18.383362
18.247084
18.152408
18.102774
18.102004
18.154301
18.264227
18.436666
18.676748
18.989749
19.380926
19.855312
20.417428
21.070927
21.818158
22.659643
23.593496
24.614804
25.715011
26.881380
28.096614
29.338751
30.581416
31.794551
32.945645
34.001468
34.930182
35.703645
36.299609
36.703506
36.909544
36.920914
36.749081
36.412283
35.933506
35.338244
34.652382
33.900440
33.104322
32.282594
31.450238
30.618772
29.796614
28.989573
28.201371
27.434145
26.688883
25.965779
25.264517
24.584475
23.924871
23.284865
22.663622
22.060346
21.474299
20.904811
20.351277
19.813157
19.289963
18.781260
18.286657
17.805800
17.338375
16.884097
16.442713
16.014002
15.597775
15.193875
14.802183
14.422617
14.055143
13.699778
13.356596
13.025743
12.707440
12.402008
12.109872
11.831591
11.567876
11.319618
11.087922
10.874150
10.679959
10.507366
10.358802
10.237197
10.146058
10.089574
10.072728
10.101418
10.182601
10.324431
10.536407
10.829507
11.216297
11.710989
12.329400
13.088791
14.007485
15.104208
16.397054
17.901955
19.630595
21.587694
23.767729
26.151273
28.701379
31.360705
34.050335
36.671410
39.110549
41.249470
42.978188
44.209827
44.893908
45.024626
44.641547
43.822190
42.668473
41.290679
39.792918
38.262878
36.766861
35.349435
34.036208
32.838060
31.755567
30.782862
29.910631
29.128209
28.424947
27.790987
27.217663
26.697628
26.224837
25.794450
25.402686
25.046684
24.724355
24.434260
24.175497
23.947606
23.750492
23.584357
23.449643
23.346979
23.277139
23.240995
23.239474
23.273507
23.343984
23.451698
23.597275
23.781117
24.003315
24.263579
24.561142
24.894680
25.262223
25.661077
26.087762
26.537965
27.006520
27.487434
27.973939
28.458609
28.933509
29.390408
29.821024
30.217299
30.571694
30.877478
31.128986
31.321836
31.453082
31.521284
31.526509
31.470239
31.355227
31.185284
30.965048
30.699732
30.394881
30.056153
29.689128
29.299166
28.891294
28.470143
28.039912
27.604363
27.166840
26.730297
26.297344
25.870287
25.451183
25.041883
24.644078
24.259339
23.889157
23.534973
23.198212
22.880305
22.582719
22.306972
22.054658
21.827459
21.627160
21.455663
21.314991
21.207294
21.134847
21.100042
21.105369
21.153393
21.246713
21.387906
21.579457
21.823662
22.122518
22.477580
22.889797
23.359324
23.885320
24.465729
25.097060
25.774196
26.490225
27.236341
28.001837
28.774206
29.539382
30.282132
30.986590
31.636922
32.218075
32.716552
33.121143
33.423534
33.618726
33.705218
33.684934
33.562903
33.346747
33.046032
32.671565
32.234713
31.746794
31.218586
30.659983
30.079769
29.485532
28.883660
28.279416
27.677053
27.079957
26.490786
25.911618
25.344070
24.789416
24.248673
23.722683
23.212176
22.717813
22.240235
21.780092
21.338072
20.914924
20.511484
20.128690
19.767612
19.429466
19.115641
18.827724
18.567523
18.337099
18.138788
17.975235
17.849420
17.764682
17.724743
17.733722
17.796134
17.916879
18.101205
18.354640
18.682881
19.091637
19.586407
20.172182
20.853061
21.631785
22.509174
23.483489
24.549752
25.699067
26.918017
28.188241
29.486295
30.783940
32.048931
33.246393
34.340748
35.298067
36.088618
36.689282
37.085484
37.272307
37.254610
37.046107
36.667601
36.144654
35.505099
34.776739
33.985501
33.154167
32.301715
31.443162
30.589794
29.749623
28.927970
28.128045
27.351495
26.598859
25.869945
25.164107
24.480450
23.817971
23.175648
22.552499
21.947610
21.360145
20.789351
20.234550
19.695135
19.170560
18.660328
18.163988
17.681124
17.211353
16.754316
16.309679
15.877127
15.456366
15.047116
14.649118
14.262128
13.885920
13.520288
13.165046
12.820029
12.485100
12.160146
11.845091
11.539893
11.244554
10.959125
10.683718
10.418511
10.163768
9.919847
9.687222
9.466505
9.258473
9.064098
8.884586
8.721427
8.576443
8.451858
8.350376
8.275269
8.230488
8.220782
8.251845
8.330478
8.464759
8.664243
8.940154
9.305576
9.775605
10.367453
11.100420
11.995700
13.075900
14.364177
15.882836
17.651248
19.682956
21.981906
24.537895
27.321550
30.279573
33.331346
36.368438
39.258663
41.855931
44.015959
45.616015
46.574794
46.867164
46.529084
45.650577
44.358546
42.794538
41.093633
39.369236
37.705651
36.157622
34.754452
33.506172
32.409815
31.454707
30.626410
29.909379
29.288573
28.750319
28.282679
27.875521
27.520413
27.210446
26.940023
26.704651
26.500746
26.325468
26.176574
26.052292
25.951221
25.872242
25.814447
25.777077
25.759470
25.761019
25.781131
25.819193
25.874545
25.946452
26.034083
26.136491
26.252597
26.381178
26.520862
26.670120
26.827270
26.990486
27.157807
27.327159
27.496375
27.663230
27.825469
27.980852
28.127190
28.262387
28.384487
28.491707
28.582481
28.655486
28.709669
28.744264
28.758803
28.753116
28.727327
28.681835
28.617301
28.534617
28.434880
28.319362
28.189474
28.046741
27.892765
27.729206
27.557750
27.380092
27.197919
27.012895
26.826650
26.640774
26.456810
26.276254
26.100550
25.931094
25.769230
25.616256
25.473423
25.341936
25.222951
25.117581
25.026888
24.951880
24.893508
24.852659
24.830143
24.826685
24.842910
24.879325
24.936306
25.014071
25.112664
25.231925
25.371475
25.530683
25.708651
25.904191
26.115810
26.341696
26.579723
26.827448
27.082131
27.340762
27.600097
27.856712
28.107064
28.347563
28.574654
28.784900
28.975071
29.142228
29.283797
29.397639
29.482098
29.536037
29.558855
29.550480
29.511351
29.442381
29.344904
29.220618
29.071518
28.899832
28.707948
28.498363
28.273620
28.036264
27.788805
27.533688
27.273272
27.009814
26.745470
26.482283
26.222196
25.967053
25.718607
25.478534
25.248440
25.029872
24.824330
24.633273
24.458129
24.300299
24.161161
24.042073
23.944368
23.869353
23.818298
23.792424
23.792889
23.820765
23.877009
23.962438
24.077685
24.223161
24.399007
24.605044
24.840717
25.105045
25.396564
25.713282
26.052641
26.411487
26.786065
27.172026
27.564472
27.958013
28.346871
28.725001
29.086247
29.424510
29.733940
30.009126
30.245273
30.438369
30.585310
30.683992
30.733352
30.733366
30.684989
30.590071
30.451227
30.271692
30.055166
29.805656
29.527335
29.224413
28.901027
28.561164
28.208596
27.846847
27.479173
27.108561
26.737736
26.369182
26.005168
25.647773
25.298917
24.960393
24.633890
24.321026
24.023368
23.742460
23.479837
23.237047
23.015666
22.817306
22.643632
22.496360
22.377265
22.288178
22.230975
22.207568
22.219881
22.269822
22.359239
22.489877
22.663306
22.880848
23.143485
23.451751
23.805620
24.204372
24.646465
25.129401
25.649608
26.202335
26.781592
27.380125
27.989468
28.600055
29.201425
29.782502
30.331960
30.838645
31.292041
31.682731
32.002827
32.246328
32.409372
32.490349
32.489881
32.410663
32.257195
32.035419
31.752320
31.415519
31.032888
30.612217
30.160954
29.686011
29.193646
28.689407
28.178129
27.663963
27.150438
26.640535
26.136767
25.641258
25.155823
24.682031
24.221275
23.774818
23.343844
22.929498
22.532918
22.155270
21.797769
21.461710
21.148491
20.859627
20.596782
20.361779
20.156624
19.983522
19.844890
19.743368
19.681825
19.663358
19.691275
19.769075
19.900403
20.088988
20.338546
20.652665
21.034639
21.487266
22.012604
22.611674
23.284134
24.027909
24.838823
25.710238
26.632748
27.593980
28.578547
29.568204
30.542273
31.478329
32.353179
33.144058
33.829960
34.392979
34.819497
35.101068
35.234878
35.223710
35.075441
34.802127
34.418834
33.942368
33.390054
32.778697
32.123795
31.439024
30.735988
30.024182
29.311113
28.602516
27.902630
27.214476
26.540119
25.880906
25.237659
24.610833
24.000640
23.407140
22.830309
22.270085
21.726406
21.199230
20.688555
20.194431
19.716969
19.256353
18.812851
18.386819
17.978725
17.589152
17.218825
16.868625
16.539616
16.233070
15.950503
15.693701
15.464773
15.266183
15.100809
14.971991
14.883588
14.840036
14.846408
14.908459
15.032670
15.226270
15.497225
15.854182
16.306357
16.863326
17.534710
18.329713
19.256490
20.321313
21.527528
22.874320
24.355314
25.957143
27.658132
29.427343
31.224284
32.999605
34.697044
36.256747
37.619850
38.733849
39.558005
40.067833
40.257733
40.141178
39.748369
39.121855
38.311050
37.366722
36.336367
35.261014
34.173580
33.098594
32.052881
31.046814
30.085747
29.171415
28.303133
27.478747
26.695348
25.949755
25.238835
24.559693
23.909764
23.286851
22.689122
22.115089
21.563575
21.033684
20.524767
20.036397
19.568351
19.120594
18.693275
18.286724
17.901457
17.538187
17.197839
16.881571
16.590798
16.327225
16.092878
15.890146
15.721826
15.591164
15.501910
15.458363
15.465418
15.528605
15.654118
15.848815
16.120194
16.476322
16.925693
17.477018
18.138888
18.919318
19.825129
20.861155
22.029275
23.327280
24.747647
26.276298
27.891528
29.563302
31.253177
32.915131
34.497477
35.945949
37.207793
38.236456
38.996195
39.465814
39.640787
39.533298
39.170159
38.589051
37.833833
36.949826
35.979798
34.961139
33.924326
32.892547
31.882187
30.903815
29.963388
29.063445
28.204170
27.384245
26.601508
25.853412
25.137345
24.450813
23.791553
23.157579
22.547192
21.958970
21.391748
20.844586
20.316748
19.807675
19.316972
18.844387
18.389809
17.953259
17.534896
17.135015
16.754066
16.392660
16.051590
15.731856
15.434687
15.161580
14.914333
14.695089
14.506384
14.351205
14.233045
14.155970
14.124684
14.144598
14.221890
14.363557
14.577450
14.872272
15.257531
15.743420
16.340606
17.059880
17.911652
18.905238
20.047909
21.343699
22.791961
24.385743
26.110094
27.940522
29.841878
31.768056
33.662892
35.462596
37.099853
38.509392
39.634414
40.432886
40.882489
40.983120
40.756327
40.241752
39.491366
38.562777
37.512902
36.393037
35.245797
34.103919
32.990534
31.920398
30.901571
29.937164
29.026911
28.168450
27.358294
26.592512
25.867179
25.178643
24.523667
23.899489
23.303823
22.734837
22.191110
21.671591
21.175559
20.702586
20.252512
19.825426
19.421651
19.041744
18.686498
18.356952
18.054403
17.780427
17.536907
17.326054
17.150444
17.013046
16.917259
16.866936
16.866417
16.920536
17.034631
17.214517
17.466435
17.796962
18.212857
18.720845
19.327310
20.037889
20.856945
21.786932
22.827636
23.975332
25.221906
26.554023
27.952456
29.391734
30.840271
32.261129
33.613540
34.855176
35.945066
36.846857
37.531997
37.982351
38.191773
38.166348
37.923235
37.488346
36.893282
36.172080
35.358251
34.482475
33.571112
32.645517
31.722008
30.812306
29.924233
29.062505
28.229507
27.425967
26.651519
25.905124
25.185388
24.490774
23.819744
23.170837
22.542717
21.934187
21.344191
20.771803
20.216215
19.676719
19.152695
18.643598
18.148942
17.668295
17.201274
16.747530
16.306757
15.878680
15.463059
15.059687
14.668393
14.289046
13.921555
13.565875
13.222016
12.890048
12.570110
12.262426
11.967311
11.685196
11.416642
11.162366
10.923271
10.700478
10.495365
10.309620
10.145293
10.004863
9.891319
9.808245
9.759929
9.751476
9.788942
9.879478
10.031478
10.254737
10.560593
10.962040
11.473795
12.112263
12.895361
13.842125
14.972020
16.303839
17.854090
19.634778
21.650527
23.895092
26.347488
28.968180
31.696114
34.447615
37.118359
39.589447
41.737957
43.451192
44.642383
45.264378
45.317593
44.849649
43.946450
42.717138
41.277028
39.732711
38.172083
36.660013
35.238753
33.931323
32.746172
31.681819
30.730785
29.882556
29.125620
28.448744
27.841684
27.295518
26.802732
26.357168
25.953905
25.589095
25.259816
24.963916
24.699884
24.466735
24.263914
24.091208
23.948683
23.836620
23.755462
23.705764
23.688147
23.703253
23.751695
23.834005
23.950585
24.101644
24.287138
24.506703
24.759586
25.044578
25.359947
25.703378
26.071921
26.461957
26.869187
27.288641
27.714721
28.141285
28.561757
28.969278
29.356895
29.717763
30.045371
30.333766
30.577765
30.773134
30.916734
31.006606
31.042003
31.023364
30.952224
30.831094
30.663290
30.452752
30.203857
29.921239
29.609619
29.273673
28.917916
28.546623
28.163778
27.773042
27.377749
26.980914
26.585254
26.193219
25.807022
25.428677
25.060038
24.702825
24.358667
24.029125
23.715720
23.419963
23.143369
22.887484
22.653896
22.444253
22.260271
22.103745
21.976550
21.880645
21.818062
21.790899
21.801297
21.851412
21.943372
22.079227
22.260879
22.489995
22.767913
23.095514
23.473092
23.900204
24.375507
24.896600
25.459869
26.060355
26.691655
27.345879
28.013686
28.684395
29.346213
29.986554
30.592470
31.151158
31.650519
32.079730
32.429769
32.693856
32.867757
32.949918
32.941425
32.845792
32.668610
32.417089
32.099561
31.724974
31.302434
30.840815
30.348466
29.833005
29.301205
28.758959
28.211292
27.662428
27.115876
26.574526
26.040752
25.516513
25.003435
24.502900
24.016103
23.544120
23.087949
22.648556
22.226908
21.824005
21.440903
21.078746
20.738781
20.422388
20.131098
19.866614
19.630839
19.425891
19.254127
19.118162
19.020882
18.965458
18.955344
18.994276
19.086242
19.235450
19.446251
19.723050
20.070167
20.491652
20.991054
21.571126
22.233479
22.978166
23.803240
24.704274
25.673905
26.701428
27.772530
28.869203
29.969938
31.050250
32.083577
33.042527
33.900438
34.633088
35.220387
35.647838
35.907549
35.998648
35.927045
35.704572
35.347652
34.875694
34.309459
33.669576
32.975360
32.244000
31.490109
30.725602
29.959798
29.199701
28.450341
27.715157
26.996350
26.295202
25.612336
24.947928
24.301867
23.673869
23.063562
22.470544
21.894417
21.334808
20.791388
20.263875
19.752038
19.255704
18.774755
18.309136
17.858852
17.423981
17.004675
16.601175
16.213815
15.843044
15.489435
15.153713
14.836772
14.539708
14.263847
14.010786
13.782435
13.581068
13.409377
13.270539
13.168280
13.106962
13.091653
13.128219
13.223401
13.384890
13.621381
13.942594
14.359244
14.882940
15.525960
16.300895
17.220083
18.294805
19.534195
20.943821
22.523956
24.267589
26.158326
28.168428
30.257375
32.371429
34.444740
36.402421
38.165777
39.659407
40.819319
41.600690
41.983629
41.975548
41.609469
40.938593
40.028421
38.948226
37.763552
36.530900
35.294942
34.088017
32.931229
31.836453
30.808604
29.847793
28.951110
28.114006
27.331267
26.597654
25.908293
25.258877
24.645749
24.065911
23.516986
22.997165
22.505142
22.040058
21.601450
21.189207
20.803540
20.444962
20.114273
19.812554
19.541170
19.301776
19.096327
18.927088
18.796645
18.707921
18.664174
18.669003
18.726329
18.840367
19.015579
19.256589
19.568072
19.954590
20.420383
20.969093
21.603428
22.324754
23.132632
24.024305
24.994168
26.033271
27.128905
28.264348
29.418871
30.568060
31.684553
32.739178
33.702502
34.546655
35.247259
35.785243
36.148277
36.331610
36.338187
36.178024
35.866938
35.424862
34.873989
34.237002
33.535589
32.789357
32.015176
31.226915
30.435483
29.649097
28.873654
28.113162
27.370155
26.646068
25.941547
25.256706
24.591319
23.944957
23.317090
22.707150
22.114580
21.538852
20.979484
20.436045
19.908157
19.395497
18.897793
18.414822
17.946413
17.492449
17.052864
16.627651
16.216868
15.820644
15.439188
15.072803
14.721900
14.387014
14.068824
13.768180
13.486131
13.223955
12.983204
12.765745
12.573817
12.410086
12.277722
12.180468
12.122733
12.109684
12.147342
12.242690
12.403763
12.639736
12.960980
13.379067
13.906708
14.557578
15.345982
16.286319
17.392270
18.675647
20.144873
21.803038
23.645609
25.657894
27.812553
30.067574
32.365299
34.633183
36.786907
38.736193
40.393111
41.681931
42.548824
42.969316
42.951578
42.534572
41.781398
40.769504
39.580093
38.288977
36.960282
35.643429
34.372927
33.170077
32.045643
31.002722
30.039336
29.150520
28.329867
27.570580
26.866132
26.210636
25.599016
25.027057
24.491370
23.989332
23.518998
23.079018
22.668563
22.287256
21.935119
21.612530
21.320194
21.059117
20.830591
20.636181
20.477718
20.357293
20.277242
20.240134
20.248749
20.306047
20.415119
20.579123
20.801195
21.084337
21.431268
21.844246
22.324850
22.873724
23.490297
24.172473
24.916316
25.715758
26.562341
27.445059
28.350320
29.262075
30.162165
31.030882
31.847767
32.592580
33.246411
33.792791
34.218720
34.515457
34.679000
34.710169
34.614297
34.400582
34.081178
33.670170
33.182539
32.633233
32.036420
31.404953
30.750057
30.081201
29.406127
28.730978
28.060497
27.398250
26.746844
26.108141
25.483434
24.873603
24.279236
23.700726
23.138342
22.592291
22.062753
21.549914
21.053992
20.575253
20.114029
19.670731
19.245866
18.840051
18.454030
18.088694
17.745101
17.424504
17.128374
16.858435
16.616694
16.405484
16.227502
16.085853
15.984094
15.926280
15.917005
15.961437
16.065340
16.235080
16.477599
16.800349
17.211176
17.718119
18.329126
19.051650
19.892105
20.855175
21.942966
23.154009
24.482177
25.915570
27.435525
29.015915
30.622951
32.215729
33.747702
35.169166
36.430688
37.487169
38.302018
38.850790
39.123590
39.125779
38.876798
38.407346
37.755488
36.962415
36.068583
35.110710
34.119902
33.120840
32.131851
31.165573
30.229925
29.329171
28.464920
27.636984
26.844052
26.084199
25.355242
24.654973
23.981299
23.332325
22.706378
22.102019
21.518026
20.953379
20.407233
19.878898
19.367825
18.873581
18.395846
17.934401
17.489124
17.059992
16.647082
16.250578
15.870782
15.508125
15.163184
14.836703
14.529619
14.243088
13.978523
13.737629
13.522457
13.335450
13.179505
13.058045
12.975088
12.935330
12.944230
13.008099
13.134175
13.330698
13.606955
13.973283
14.441013
15.022320
15.729949
16.576760
17.575055
18.735637
20.066537
21.571425
23.247692
25.084324
27.059754
29.140010
31.277616
33.411779
35.470384
37.374186
39.043169
40.404520
41.401065
41.998542
42.190055
41.996539
41.463023
40.651545
39.632406
38.475666
37.244405
35.990546
34.753254
33.559375
32.425165
31.358590
30.361664
29.432494
28.566913
27.759670
27.005247
26.298362
25.634258
25.008835
24.418686
23.861074
23.333879
22.835535
22.364967
21.921530
21.504965
21.115356
20.753105
20.418913
20.113769
19.838950
19.596016
19.386822
19.213527
19.078597
18.984818
18.935295
18.933450
18.983009
19.087968
19.252542
19.481094
19.778016
20.147583
20.593746
21.119883
21.728475
22.420736
23.196176
24.052135
24.983292
25.981207
27.033941
28.125821
29.237436
30.345922
31.425617
32.449089
33.388527
34.217397
34.912220
35.454252
35.830853
36.036346
36.072220
35.946667
35.673516
35.270747
34.758805
34.158958
33.491864
32.776495
32.029433
31.264540
30.492928
29.723143
28.961482
28.212372
27.478753
26.762430
26.064379
25.384996
24.724293
24.082040
23.457874
22.851366
22.262077
21.689584
21.133496
20.593471
20.069215
19.560489
19.067107
18.588940
18.125920
17.678038
17.245355
16.828003
16.426201
16.040259
15.670597
15.317757
14.982427
14.665461
14.367907
14.091042
13.836402
13.605834
13.401537
13.226125
13.082685
12.974852
12.906882
12.883740
12.911186
12.995857
13.145353
13.368296
13.674369
14.074305
14.579800
15.203330
15.957819
16.856124
17.910264
19.130378
20.523335
22.091017
23.828305
25.720894
27.743185
29.856608
32.008870
34.134693
36.158531
37.999553
39.578691
40.827014
41.694041
42.154301
42.210566
41.892845
41.253313
40.358362
39.279643
38.085945
36.837240
35.581396
34.353362
33.176156
32.062899
31.019197
30.045428
29.138669
28.294184
27.506485
26.770028
26.079641
25.430745
24.819450
24.242563
23.697554
23.182492
22.695986
22.237114
21.805375
21.400637
21.023105
20.673297
20.352027
20.060393
19.799784
19.571875
19.378636
19.222341
19.105574
19.031236
19.002540
19.023006
19.096438
19.226882
19.418567
19.675811
20.002895
20.403888
20.882424
21.441424
22.082757
22.806845
23.612217
24.495039
25.448646
26.463123
27.524990
28.617074
29.718630
30.805781
31.852329
32.830928
33.714577
34.478312
35.100923
35.566489
35.865509
35.995467
35.960749
35.771914
35.444457
34.997246
34.450877
33.826134
33.142730
32.418407
31.668404
30.905262
30.138889
29.376795
28.624438
27.885593
27.162716
26.457278
25.770032
25.101242
24.450849
23.818599
23.204136
22.607059
22.026965
21.463473
20.916242
20.384978
19.869437
19.369432
18.884830
18.415560
17.961612
17.523046
17.099994
16.692673
16.301393
15.926573
15.568753
15.228618
14.907018
14.604995
14.323814
14.065002
13.830386
13.622144
13.442859
13.295580
13.183893
13.111993
13.084766
13.107873
13.187833
13.332097
13.549110
13.848342
14.240274
14.736314
15.348611
16.089732
16.972153
18.007525
19.205648
20.573141
22.111784
23.816585
25.673680
27.658310
29.733206
31.847853
33.939164
35.934033
37.754045
39.322169
40.570747
41.449501
41.931949
42.018728
41.736910
41.135412
40.277555
39.232511
38.067407
36.841392
35.602236
34.385299
33.214316
32.103235
31.058480
30.081157
29.168950
28.317600
27.521975
26.776791
26.077052
25.418291
24.796687
24.209075
23.652930
23.126304
22.627773
22.156373
21.711547
21.293102
20.901172
20.536200
20.198914
19.890331
19.611746
19.364744
19.151206
18.973321
18.833597
18.734875
18.680329
18.673475
18.718155
18.818512
18.978948
19.204049
19.498481
19.866836
20.313440
20.842087
21.455724
22.156055
22.943096
23.814666
24.765868
25.788575
26.870993
27.997367
29.147916
30.299078
31.424142
32.494295
33.480075
34.353137
35.088176
35.664780
36.068971
36.294196
36.341618
36.219657
35.942865
35.530322
35.003796
34.385946
33.698758
32.962362
32.194277
31.409062
30.618295
29.830789
29.052951
28.289198
27.542384
26.814176
26.105392
25.416259
24.746624
24.096100
23.464181
22.850310
22.253927
21.674500
21.111540
20.564606
20.033313
19.517326
19.016366
18.530202
18.058656
17.601599
17.158960
16.730722
16.316933
15.917712
15.533255
15.163853
14.809899
14.471909
14.150540
13.846617
13.561157
13.295403
13.050864
12.829358
12.633065
12.464584
12.327003
12.223974
12.159799
12.139520
12.169019
12.255121
12.405687
12.629702
12.937333
13.339950
13.850068
14.481189
15.247502
16.163374
17.242582
18.497228
19.936268
21.563645
23.376052
25.360433
27.491480
29.729525
32.019383
34.290818
36.461276
38.441266
40.142302
41.486554
42.416643
42.903503
42.950362
42.591676
41.887157
40.912380
39.748227
38.471460
37.147986
35.829361
34.552199
33.339634
32.203874
31.149059
30.173903
29.273847
28.442688
27.673690
26.960299
26.296549
25.677263
25.098114
24.555608
24.047019
23.570311
23.124053
22.707342
22.319735
21.961196
21.632049
21.332949
21.064853
20.829010
20.626942
20.460444
20.331567
20.242618
20.196142
20.194904
20.241860
20.340112
20.492850
20.703269
20.974457
21.309260
21.710102
22.178780
22.716210
23.322149
23.994882
24.730908
25.524629
26.368076
27.250726
28.159423
29.078473
29.989939
30.874165
31.710532
32.478418
33.158297
33.732887
34.188218
34.514507
34.706708
34.764691
34.693003
34.500268
34.198310
33.801115
33.323772
32.781500
32.188845
31.559096
30.903928
30.233235
29.555140
28.876114
28.201163
27.534058
26.877559
26.233636
25.603656
24.988539
24.388896
23.805124
23.237486
22.686174
22.151346
21.633162
21.131809
20.647521
20.180590
19.731389
19.300377
18.888121
18.495308
18.122767
17.771485
17.442634
17.137598
16.857999
16.605735
16.383015
16.192399
16.036842
15.919741
15.844977
15.816963
15.840684
15.921721
16.066274
16.281143
16.573690
16.951734
17.423396
17.996845
18.679939
19.479735
20.401847
21.449644
22.623293
23.918678
25.326257
26.829977
28.406408
30.024304
31.644825
33.222652
34.708115
36.050359
37.201301
38.119945
38.776408
39.154936
39.255326
39.092428
38.693819
38.096124
37.340701
36.469461
35.521437
34.530437
33.523857
32.522471
31.540950
30.588779
29.671344
28.791000
27.947998
27.141247
26.368887
25.628702
24.918395
24.235756
23.578766
22.945635
22.334815
21.744995
21.175078
20.624159
20.091503
19.576526
19.078775
18.597916
18.133726
17.686089
17.254992
16.840532
16.442917
16.062483
15.699698
15.355189
15.029756
14.724400
14.440353
14.179114
13.942490
13.732639
13.552132
13.404008
13.291842
13.219822
13.192824
13.216496
13.297341
13.442783
13.661230
13.962099
14.355796
14.853628
15.467607
16.210123
17.093429
18.128899
19.326002
20.690979
22.225193
23.923226
25.770817
27.742899
29.802048
31.897835
33.967566
35.938885
37.734472
39.278675
40.505344
41.365632
41.834188
41.912290
41.627070
41.026940
40.174282
39.137091
37.981289
36.764955
35.535022
34.326280
33.162141
32.056430
31.015587
30.040822
29.129967
28.278925
27.482722
26.736214
26.034525
25.373288
24.748754
24.157820
23.597997
23.067365
22.564514
22.088484
21.638712
21.214994
20.817445
20.446485
20.102817
19.787424
19.501570
19.246805
19.024976
18.838240
18.689076
18.580301
18.515079
18.496925
18.529701
18.617596
18.765089
18.976887
19.257821
19.612718
20.046203
20.562454
21.164890
21.855782
22.635798
23.503494
24.454763
25.482283
26.575027
27.717898
28.891573
30.072666
31.234266
32.346922
33.380067
34.303810
35.090948
35.718959
36.171741
36.440805
36.525756
36.433975
36.179557
35.781690
35.262736
34.646294
33.955487
33.211640
32.433407
31.636343
30.832845
30.032353
29.241721
28.465661
27.707194
26.968062
26.249090
25.550467
24.871976
24.213152
23.573403
22.952088
22.348566
21.762227
21.192509
20.638902
20.100954
19.578264
19.070486
18.577321
18.098519
17.633873
17.183224
16.746462
16.323526
15.914411
15.519172
15.137937
14.770912
14.418394
14.080789
13.758626
13.452582
13.163501
12.892430
12.640650
12.409719
12.201515
12.018297
11.862765
11.738133
11.648212
11.597504
11.591299
11.635785
11.738161
11.906745
12.151069
12.481954
12.911530
13.453187
14.121409
14.931447
15.898767
17.038211
18.362789
19.882051
21.600010
23.512635
25.605078
27.848900
30.199789
32.596405
34.961137
37.203491
39.226504
40.935967
42.251372
43.116632
43.508167
43.438215
42.952291
42.121345
41.030599
39.767808
38.413422
37.034134
35.680117
34.385300
33.169596
32.042026
31.003901
30.051613
29.178815
28.377985
27.641462
26.962073
26.333461
25.750222
25.207918
24.703022
24.232830
23.795361
23.389262
23.013726
22.668408
22.353376
22.069052
21.816182
21.595800
21.409207
21.257951
21.143807
21.068757
21.034968
21.044758
21.100561
21.204872
21.360182
21.568888
21.833192
22.154964
22.535584
22.975764
23.475337
24.033034
24.646251
25.310821
26.020806
26.768346
27.543575
28.334645
29.127882
29.908094
30.659044
31.364070
32.006831
32.572128
33.046720
33.420063
33.684882
33.837526
33.878042
33.809980
33.639953
33.377011
33.031914
32.616373
32.142356
31.621494
31.064631
30.481520
29.880669
29.269293
28.653365
28.037722
27.426209
26.821833
26.226921
25.643261
25.072226
24.514885
23.972088
23.444538
22.932853
22.437603
21.959354
21.498695
21.056264
20.632768
20.229009
19.845899
19.484486
19.145972
18.831737
18.543367
18.282677
18.051743
17.852930
17.688921
17.562752
17.477839
17.438000
17.447474
17.510931
17.633456
17.820522
18.077920
18.411657
18.827793
19.332218
19.930344
20.626713
21.424500
22.324920
23.326553
24.424606
25.610171
26.869561
28.183819
29.528543
30.874145
32.186678
33.429293
34.564303
35.555737
36.372106
36.989040
37.391382
37.574388
37.543819
37.314895
36.910316
36.357694
35.686838
34.927265
34.106248
33.247511
32.370586
31.490717
30.619165
29.763752
28.929502
28.119286
27.334405
26.575073
25.840802
25.130693
24.443636
23.778450
23.133970
22.509097
21.902821
21.314229
20.742505
20.186922
19.646828
19.121637
18.610821
18.113897
17.630419
17.159974
16.702173
16.256651
15.823059
15.401064
14.990347
14.590599
14.201523
13.822831
13.454245
13.095494
12.746315
12.406453
12.075659
11.753693
11.440321
11.135314
10.838451
10.549516
10.268302
9.994604
9.728226
9.468976
9.216670
8.971128
8.732177
8.499649
8.273385
8.053228
7.839031
7.630654
7.427963
7.230833
7.039148
6.852801
6.671698
6.495757
6.324909
6.159104
5.998311
5.842523
5.691761
5.546077
5.405566
5.270370
5.140689
5.016793
4.899041
4.787894
4.683942
4.587930
4.500793
4.423701
4.358107
4.305811
4.269037
4.250526
4.253649
4.282539
4.342257
4.438978
4.580218
4.775089
5.034597
5.371956
5.802934
6.346182
7.023530
7.860171
8.884648
10.128508
11.625428
13.409577
15.512913
17.961123
20.767945
23.927867
27.407554
31.137098
35.003084
38.846437
42.468526
45.648387
48.171408
49.865566
50.636431
50.489568
49.531170
47.945200
45.954505
43.779162
41.604420
39.564437
37.740922
36.171499
34.861919
33.797890
32.954417
32.302225
31.811652
31.454736
31.206114
31.043263
30.946390
30.898200
30.883621
30.889572
30.904769
30.919580
30.925919
30.917156
30.888043
30.834641
30.754231
30.645217
30.507016
30.339927
30.145004
29.923909
29.678783
29.412110
29.126604
28.825102
28.510480
28.185584
27.853178
27.515907
27.176281
26.836658
26.499250
26.166127
25.839228
25.520379
25.211308
24.913666
24.629041
24.358980
24.105003
23.868618
23.651333
23.454669
23.280166
23.129388
23.003928
22.905403
22.835448
22.795708
22.787816
22.813375
22.873919
22.970878
23.105527
23.278924
23.491845
23.744697
24.037438
24.369474
24.739564
25.145723
25.585127
26.054041
26.547764
27.060607
27.585916
28.116147
28.642991
29.157568
29.650671
30.113068
30.535828
30.910671
31.230307
31.488735
31.681481
31.805761
31.860537
31.846485
31.765866
31.622315
31.420584
31.166245
30.865394
30.524373
30.149519
29.746970
29.322510
28.881471
28.428678
27.968432
27.504523
27.040262
26.578531
26.121837
25.672371
25.232063
24.802637
24.385662
23.982594
23.594817
23.223679
22.870521
22.536709
22.223653
21.932836
21.665829
21.424313
21.210090
21.025106
20.871451
20.751376
20.667289
20.621754
20.617478
20.657292
20.744109
20.880880
21.070519
21.315811
21.619291
21.983099
22.408797
22.897166
23.447964
24.059674
24.729240
25.451808
26.220505
27.026276
27.857817
28.701635
29.542274
30.362718
31.144981
31.870873
32.522884
33.085136
33.544287
33.890316
34.117081
34.222582
34.208903
34.081843
33.850295
33.525447
33.119915
32.646900
32.119450
31.549873
30.949326
30.327581
29.692932
29.052228
28.410981
27.773529
27.143214
26.522566
25.913473
25.317329
24.735165
24.167751
23.615680
23.079433
22.559434
22.056085
21.569800
21.101028
20.650278
20.218137
19.805287
19.412523
19.040776
18.691132
18.364855
18.063412
17.788501
17.542085
17.326417
17.144082
16.998029
16.891608
16.828604
16.813267
16.850333
16.945034
17.103085
17.330649
17.634260
18.020696
18.496787
19.069143
19.743784
20.525660
21.418050
22.421843
23.534716
24.750262
26.057115
27.438204
28.870264
30.323763
31.763427
33.149481
34.439669
35.591980
36.567845
37.335431
37.872532
38.168577
38.225377
38.056443
37.685032
37.141266
36.458858
35.671981
34.812681
33.909085
32.984436
32.056858
31.139651
30.241933
29.369417
28.525208
27.710528
26.925317
26.168711
25.439391
24.735832
24.056471
23.399798
22.764423
22.149090
21.552689
20.974245
20.412908
19.867935
19.338675
18.824560
18.325085
17.839804
17.368317
16.910272
16.465351
16.033275
15.613799
15.206714
14.811848
14.429068
14.058283
13.699451
13.352583
13.017752
12.695104
12.384864
12.087359
11.803025
11.532436
11.276321
11.035596
10.811401
10.605133
10.418504
10.253590
10.112901
9.999457
9.916884
9.869510
9.862485
9.901915
9.994999
10.150181
10.377302
10.687735
11.094497
11.612301
12.257511
13.047950
14.002488
15.140325
16.479870
18.037096
19.823310
21.842262
24.086680
26.534452
29.144925
31.856102
34.583757
37.223648
39.657802
41.765164
43.435758
44.586064
45.172180
45.197179
44.710235
43.797481
42.567051
41.132389
39.597839
38.049122
36.549312
35.139366
33.841513
32.663821
31.604729
30.656863
29.809923
29.052653
28.374082
27.764215
27.214353
26.717176
26.266699
25.858140
25.487781
25.152803
24.851152
24.581402
24.342648
24.134408
23.956547
23.809206
23.692742
23.607681
23.554666
23.534411
23.547659
23.595127
23.677462
23.795180
23.948608
24.137821
24.362566
24.622195
24.915585
25.241068
25.596363
25.978516
26.383859
26.807986
27.245765
27.691374
28.138378
28.579853
29.008541
29.417045
29.798057
30.144600
30.450273
30.709484
30.917660
31.071396
31.168565
31.208350
31.191213
31.118809
30.993841
30.819877
30.601153
30.342361
30.048451
29.724453
29.375323
29.005827
28.620454
28.223363
27.818354
27.408865
26.997984
26.588476
26.182817
25.783229
25.391722
25.010136
24.640173
24.283436
23.941461
23.615744
23.307772
23.019039
22.751075
22.505459
22.283833
22.087923
21.919537
21.780584
21.673066
21.599080
21.560808
21.560497
21.600439
21.682927
21.810207
21.984411
22.207476
22.481037
22.806310
23.183949
23.613887
24.095163
24.625745
25.202350
25.820286
26.473328
27.153636
27.851761
28.556731
29.256257
29.937052
30.585269
31.187040
31.729083
32.199344
32.587596
32.885966
33.089307
33.195398
33.204937
33.121341
32.950373
32.699650
32.378084
31.995318
31.561199
31.085342
30.576781
30.043742
29.493511
28.932385
28.365700
27.797899
27.232629
26.672857
26.120982
25.578947
25.048338
24.530469
24.026458
23.537290
23.063865
22.607048
22.167696
21.746698
21.344996
20.963612
20.603671
20.266425
19.953271
19.665779
19.405714
19.175056
18.976030
18.811122
18.683105
18.595057
18.550369
18.552756
18.606249
18.715168
18.884085
19.117750
19.420983
19.798524
20.254831
20.793817
21.418519
22.130701
22.930392
23.815371
24.780629
25.817847
26.914949
28.055809
29.220187
30.383997
31.519967
32.598729
33.590327
34.466038
35.200349
35.772848
36.169775
36.385005
36.420292
36.284751
35.993659
35.566774
35.026449
34.395789
33.697075
32.950594
32.173900
31.381492
30.584829
29.792570
29.010951
28.244226
27.495093
26.765087
26.054908
25.364689
24.694197
24.042984
23.410490
22.796116
22.199270
21.619390
21.055960
20.508517
19.976652
19.460011
18.958289
18.471232
17.998635
17.540341
17.096246
16.666295
16.250497
15.848920
15.461707
15.089084
14.731372
14.389001
14.062530
13.752670
13.460305
13.186525
12.932661
12.700325
12.491460
12.308392
12.153896
12.031269
11.944409
11.897907
11.897146
11.948403
12.058955
12.237180
12.492643
12.836147
13.279740
13.836634
14.521005
15.347633
16.331299
17.485903
18.823218
20.351233
22.072081
23.979592
26.056636
28.272577
30.581295
32.920442
35.212638
37.369240
39.296954
40.906943
42.125252
42.902632
43.221525
43.098341
42.580260
41.737294
40.651589
39.406521
38.077775
36.727664
35.402843
34.134749
32.941793
31.832284
30.807406
29.863787
28.995522
28.195613
27.456934
26.772805
26.137306
25.545404
24.992965
24.476707
23.994118
23.543368
23.123223
22.732959
22.372304
22.041380
21.740656
21.470926
21.233272
21.029058
20.859905
20.727687
20.634511
20.582704
20.574792
20.613462
20.701526
20.841857
21.037309
21.290618
21.604270
21.980343
22.420314
22.924837
23.493495
24.124523
24.814540
25.558269
26.348321
27.175024
28.026372
28.888105
29.743973
30.576183
31.366052
32.094828
32.744637
33.299478
33.746163
34.075094
34.280802
34.362148
34.322200
34.167774
33.908733
33.557123
33.126252
32.629831
32.081225
31.492887
30.875979
30.240162
29.593547
28.942758
28.293061
27.648549
27.012335
26.386740
25.773467
25.173753
24.588492
24.018340
23.463795
22.925258
22.403080
21.897605
21.409193
20.938244
20.485222
20.050670
19.635228
19.239649
18.864821
18.511789
18.181772
17.876192
17.596705
17.345225
17.123964
16.935464
16.782635
16.668797
16.597710
16.573617
16.601262
16.685913
16.833355
17.049864
17.342141
17.717201
18.182193
18.744141
19.409591
20.184135
21.071816
22.074400
23.190529
24.414802
25.736837
27.140423
28.602912
30.095009
31.581164
33.020699
34.369780
35.584173
36.622580
37.450174
38.041809
38.384379
38.477852
38.334801
37.978487
37.439886
36.754207
35.957478
35.083704
34.162842
33.219695
32.273604
31.338735
30.424757
29.537673
28.680690
27.854994
27.060413
26.295920
25.560025
24.851032
24.167218
23.506940
22.868688
22.251115
21.653036
21.073423
20.511386
19.966159
19.437085
18.923594
18.425197
17.941472
17.472058
17.016647
16.574983
16.146863
15.732130
15.330684
14.942480
14.567539
14.205949
13.857881
13.523597
13.203469
12.897990
12.607801
12.333713
12.076737
11.838122
11.619393
11.422403
11.249386
11.103031
10.986549
10.903771
10.859239
10.858319
10.907322
11.013627
11.185812
11.433768
11.768799
12.203672
12.752598
13.431101
14.255711
15.243437
16.410916
17.773168
19.341882
21.123163
23.114790
25.303076
27.659664
30.138749
32.675479
35.186442
37.573127
39.728907
41.549401
42.944996
43.853295
44.248587
44.145737
43.597179
42.683658
41.501154
40.147311
38.710314
37.261888
35.854653
34.522915
33.285576
32.149876
31.115061
30.175488
29.322981
28.548468
27.843027
27.198488
26.607727
26.064753
25.564691
25.103688
24.678800
24.287872
23.929420
23.602530
23.306774
23.042133
22.808938
22.607822
22.439677
22.305615
22.206939
22.145107
22.121697
22.138366
22.196807
22.298687
22.445586
22.638912
22.879811
23.169055
23.506919
23.893048
24.326307
24.804637
25.324908
25.882789
26.472655
27.087524
27.719063
28.357672
28.992642
29.612424
30.204975
30.758197
31.260425
31.700944
32.070488
32.361678
32.569356
32.690785
32.725685
32.676125
32.546263
32.341985
32.070467
31.739726
31.358175
30.934235
30.476017
29.991086
29.486311
28.967779
28.440785
27.909857
27.378818
26.850870
26.328679
25.814468
25.310102
24.817167
24.337038
23.870940
23.420000
22.985288
22.567859
22.168781
21.789167
21.430201
21.093157
20.779430
20.490552
20.228213
19.994286
19.790844
19.620178
19.484817
19.387533
19.331357
19.319574
19.355712
19.443518
19.586915
19.789936
20.056623
20.390901
20.796400
21.276237
21.832742
22.467135
23.179159
23.966669
24.825214
25.747635
26.723717
27.739965
28.779554
29.822519
30.846241
31.826258
32.737376
33.555051
34.256902
34.824207
35.243203
35.506010
35.611044
35.562861
35.371459
35.051161
34.619224
34.094404
33.495610
32.840815
32.146260
31.425990
30.691667
29.952614
29.216011
28.487181
27.769914
27.066782
26.379431
25.708825
25.055447
24.419458
23.800816
23.199361
22.614875
22.047128
21.495903
20.961012
20.442315
19.939724
19.453208
18.982802
18.528616
18.090835
17.669737
17.265696
16.879202
16.510877
16.161489
15.831981
15.523496
15.237407
14.975352
14.739279
14.531487
14.354682
14.212032
14.107230
14.044561
14.028971
14.066136
14.162520
14.325429
14.563036
14.884375
15.299273
15.818213
16.452083
17.211792
18.107702
19.148842
20.341887
21.689866
23.190641
24.835215
26.606023
28.475441
30.404830
32.344517
34.235113
36.010459
37.602259
38.946092
39.988049
40.690896
41.038497
41.037503
40.715823
40.118215
39.299959
38.319999
37.234832
36.094030
34.937733
33.795956
32.689238
31.630105
30.624848
29.675270
28.780203
27.936715
27.140999
26.388980
25.676706
25.000574
24.357438
23.744645
23.160030
22.601877
22.068882
21.560105
21.074930
20.613034
20.174361
19.759103
19.367693
19.000803
18.659350
18.344503
18.057702
17.800682
17.575492
17.384528
17.230559
17.116763
17.046752
17.024600
17.054857
17.142562
17.293220
17.512767
17.807495
18.183918
18.648592
19.207844
19.867415
20.631994
21.504644
22.486109
23.574032
24.762121
26.039319
27.389101
28.789002
30.210557
31.619789
32.978379
34.245571
35.380744
36.346433
37.111465
37.653734
37.962163
38.037500
37.891775
37.546533
37.030165
36.374827
35.613438
34.777161
33.893612
32.985850
32.072061
31.165785
30.276470
29.410202
28.570452
27.758779
26.975415
26.219741
25.490635
24.786731
24.106582
23.448772
22.811974
22.194981
21.596714
21.016220
20.452660
19.905294
19.373471
18.856610
18.354195
17.865759
17.390879
16.929168
16.480272
16.043865
15.619648
15.207345
14.806706
14.417505
14.039544
13.672650
13.316682
12.971532
12.637131
12.313454
12.000524
11.698425
11.407308
11.127404
10.859037
10.602643
10.358791
10.128205
9.911796
9.710697
9.526304
9.360328
9.214855
9.092417
8.996073
8.929508
8.897145
8.904276
8.957201
9.063395
9.231676
9.472383
9.797544
10.221026
10.758619
11.428036
12.248748
13.241593
14.428049
15.829054
17.463241
19.344473
21.478608
23.859529
26.464705
29.250774
32.150087
35.069428
37.892369
40.486493
42.715907
44.458012
45.621697
46.162667
46.091466
45.471349
44.406253
43.022271
41.447861
39.797620
38.162419
36.606178
35.167735
33.865587
32.703535
31.675896
30.771687
29.977620
29.280062
28.666180
28.124532
27.645283
27.220208
26.842572
26.506958
26.209077
25.945586
25.713924
25.512163
25.338885
25.193076
25.074032
24.981291
24.914558
24.873657
24.858472
24.868906
24.904836
24.966072
25.052315
25.163120
25.297858
25.455680
25.635482
25.835877
26.055166
26.291324
26.541985
26.804443
27.075664
27.352312
27.630782
27.907261
28.177793
28.438357
28.684962
28.913739
29.121046
29.303566
29.458389
29.583099
29.675828
29.735299
29.760842
29.752390
29.710457
29.636086
29.530794
29.396498
29.235440
29.050108
28.843155
28.617336
28.375439
28.120237
27.854444
27.580686
27.301476
27.019206
26.736139
26.454413
26.176042
25.902932
25.636885
25.379620
25.132779
24.897946
24.676654
24.470402
24.280659
24.108875
23.956487
23.824919
23.715584
23.629882
23.569189
23.534848
23.528156
23.550334
23.602511
23.685682
23.800674
23.948095
24.128289
24.341273
24.586676
24.863679
25.170944
25.506563
25.867996
26.252038
26.654793
27.071677
27.497449
27.926269
28.351806
28.767363
29.166056
29.541005
29.885555
30.193501
30.459305
30.678296
30.846831
30.962409
31.023728
31.030688
30.984331
30.886729
30.740841
30.550336
30.319406
30.052577
29.754545
29.430015
29.083584
28.719644
28.342315
27.955410
27.562413
27.166486
26.770481
26.376970
25.988271
25.606490
25.233551
24.871234
24.521208
24.185062
23.864336
23.560542
23.275192
23.009816
22.765981
22.545304
22.349469
22.180232
22.039429
21.928979
21.850878
21.807193
21.800044
21.831579
21.903940
22.019214
22.179375
22.386203
22.641195
22.945449
23.299544
23.703387
24.156067
24.655688
25.199212
25.782319
26.399284
27.042918
27.704555
28.374131
29.040358
29.690998
30.313244
30.894192
31.421382
31.883364
32.270248
32.574194
32.789776
32.914199
32.947342
32.891620
32.751695
32.534065
32.246581
31.897939
31.497197
31.053356
30.575019
30.070143
29.545890
29.008551
28.463542
27.915446
27.368090
26.824637
26.287692
25.759396
25.241522
24.735561
24.242789
23.764335
23.301232
22.854459
22.424982
22.013787
21.621903
21.250435
20.900582
20.573664
20.271141
19.994639
19.745967
19.527144
19.340417
19.188282
19.073498
18.999105
18.968425
18.985064
19.052893
19.176019
19.358727
19.605400
19.920398
20.307901
20.771695
21.314909
21.939688
22.646816
23.435278
24.301800
25.240376
26.241838
27.293522
28.379089
29.478593
30.568851
31.624166
32.617425
33.521527
34.311032
34.963886
35.463002
35.797483
35.963321
35.963449
35.807147
35.508910
35.086941
34.561515
33.953411
33.282587
32.567209
31.823034
31.063159
30.298023
29.535622
28.781824
28.040741
27.315097
26.606559
25.916028
25.243867
24.590088
23.954480
23.336712
22.736397
22.153138
21.586554
21.036303
20.502084
19.983650
19.480808
18.993420
18.521409
18.064758
17.623521
17.197823
16.787874
16.393974
16.016532
15.656077
15.313278
14.988970
14.684174
14.400134
14.138347
13.900609
13.689061
13.506240
13.355144
13.239296
13.162822
13.130525
13.147975
13.221584
13.358685
13.567595
13.857647
14.239179
14.723458
15.322508
16.048796
16.914750
17.932044
19.110618
20.457373
21.974567
23.657909
25.494495
27.460778
29.520918
31.625950
33.714303
35.714138
37.547803
39.138302
40.417127
41.332251
41.854714
41.982283
41.739196
41.171994
40.342373
39.318753
38.168319
36.950889
35.715262
34.497962
33.323833
32.207782
31.156986
30.173104
29.254196
28.396235
27.594219
26.842913
26.137328
25.472973
24.845981
24.253141
23.691873
23.160177
22.656581
22.180070
21.730041
21.306257
20.908809
20.538094
20.194798
19.879889
19.594618
19.340521
19.119430
18.933484
18.785142
18.677195
18.612776
18.595361
18.628764
18.717115
18.864824
19.076511
19.356912
19.710737
20.142483
20.656185
21.255109
21.941365
22.715469
23.575835
24.518243
25.535307
26.616003
27.745322
28.904140
30.069382
31.214574
32.310809
33.328146
34.237357
35.011879
35.629749
36.075271
36.340174
36.424065
36.334118
36.084047
35.692536
35.181385
34.573631
33.891891
33.157067
32.387495
31.598512
30.802388
30.008512
29.223746
28.452844
27.698894
26.963719
26.248222
25.552672
24.876925
24.220581
23.583107
22.963912
22.362399
21.777999
21.210185
20.658479
20.122460
19.601760
19.096062
18.605100
18.128657
17.666566
17.218707
16.785017
16.365486
15.960171
15.569194
15.192763
14.831174
14.484832
14.154264
13.840143
13.543312
13.264808
13.005905
12.768145
12.553389
12.363868
12.202247
12.071692
11.975953
11.919450
11.907369
11.945765
12.041669
12.203188
12.439595
12.761390
13.180322
13.709325
14.362357
15.154074
16.099295
17.212188
18.505119
19.987092
21.661778
23.525151
25.562863
27.747645
30.037152
32.372878
34.680832
36.874667
38.861622
40.551093
41.864878
42.747302
43.173042
43.150608
42.720426
41.947888
40.913116
39.699911
38.386244
37.037778
35.704819
34.422200
33.211140
32.082068
31.037621
30.075328
29.189760
28.374104
27.621223
26.924316
26.277285
25.674894
25.112810
24.587564
24.096475
23.637566
23.209469
22.811350
22.442836
22.103959
21.795112
21.517011
21.270675
21.057403
20.878756
20.736553
20.632851
20.569932
20.550284
20.576569
20.651588
20.778221
20.959355
21.197791
21.496117
21.856557
22.280790
22.769731
23.323288
23.940095
24.617225
25.349925
26.131365
26.952456
27.801757
28.665525
29.527917
30.371397
31.177341
31.926816
32.601517
33.184761
33.662461
34.023963
34.262661
34.376292
34.366894
34.240428
34.006124
33.675638
33.262132
32.779380
32.240978
31.659728
31.047202
30.413499
29.767152
29.115171
28.463160
27.815495
27.175514
26.545714
25.927929
25.323491
24.733358
24.158227
23.598616
23.054934
22.527533
22.016742
21.522904
21.046397
20.587657
20.147193
19.725606
19.323608
18.942037
18.581882
18.244298
17.930639
17.642479
17.381644
17.150247
16.950718
16.785850
16.658828
16.573275
16.533283
16.543445
16.608878
16.735223
16.928631
17.195714
17.543443
17.979001
18.509550
19.141904
19.882104
20.734848
21.702812
22.785827
23.979972
25.276618
26.661531
28.114151
29.607220
31.106955
32.573918
33.964724
35.234572
36.340460
37.244749
37.918582
38.344607
38.518505
38.449012
38.156427
37.669893
37.023967
36.255087
35.398464
34.485758
33.543672
32.593403
31.650774
30.726822
29.828614
28.960127
28.123073
27.317604
26.542874
25.797466
25.079692
24.387794
23.720069
23.074944
22.451002
21.846999
21.261849
20.694616
20.144497
19.610799
19.092931
18.590383
18.102720
17.629570
17.170619
16.725610
16.294337
15.876648
15.472447
15.081698
14.704432
14.340750
13.990841
13.654988
13.333585
13.027156
12.736376
12.462096
12.205376
11.967519
11.750115
11.555090
11.384767
11.241931
11.129909
11.052655
11.014856
11.022038
11.080684
11.198358
11.383830
11.647183
11.999898
12.454891
13.026462
13.730130
14.582287
15.599600
16.798101
18.191858
19.791181
21.600308
23.614625
25.817568
28.177554
30.645480
33.153556
35.616372
37.934985
40.004473
41.724572
43.012031
43.812322
44.107904
43.920714
43.307965
42.352247
41.148527
39.791245
38.364178
36.934402
35.550369
34.243091
33.029153
31.914366
30.897255
29.971960
29.130410
28.363822
27.663652
27.022129
26.432509
25.889151
25.387483
24.923914
24.495718
24.100926
23.738207
23.406783
23.106339
22.836960
22.599076
22.393411
22.220952
22.082914
21.980705
21.915901
21.890212
21.905440
21.963437
22.066050
22.215050
22.412050
22.658414
22.955134
23.302703
23.700971
24.148982
24.644813
25.185409
25.766441
26.382181
27.025430
27.687508
28.358326
29.026553
29.679887
30.305437
30.890190
31.421557
31.887942
32.279303
32.587643
32.807389
32.935618
32.972100
32.919175
32.781461
32.565444
32.278988
31.930826
31.530074
31.085795
30.606660
30.100697
29.575129
29.036302
28.489680
27.939883
27.390767
26.845518
26.306754
25.776626
25.256910
24.749097
24.254461
23.774127
23.309118
22.860408
22.428954
22.015729
21.621752
21.248117
20.896009
20.566734
20.261738
19.982632
19.731210
19.509475
19.319657
19.164236
19.045958
18.967848
18.933219
18.945669
19.009070
19.127533
19.305362
19.546967
19.856757
20.238974
20.697494
21.235561
21.855465
22.558166
23.342858
24.206502
25.143350
26.144504
27.197560
28.286412
29.391293
30.489115
31.554167
32.559189
33.476793
34.281115
34.949565
35.464442
35.814219
35.994295
36.007102
35.861556
35.571945
35.156424
34.635363
34.029741
33.359791
32.643981
31.898374
31.136344
30.368573
29.603250
28.846395
28.102228
27.373543
26.662054
25.968684
25.293804
24.637423
23.999320
23.379149
22.776508
22.190982
21.622174
21.069721
20.533308
20.012668
19.507590
19.017917
18.543552
18.084457
17.640661
17.212264
16.799445
16.402470
16.021709
15.657647
15.310904
14.982255
14.672653
14.383266
14.115501
13.871053
13.651944
13.460578
13.299800
13.172961
13.083995
13.037490
13.038780
13.094024
13.210290
13.395621
13.659088
14.010792
14.461821
15.024108
15.710178
16.532721
17.503958
18.634743
19.933358
21.403986
23.044867
24.846228
26.788173
28.838814
30.953073
33.072680
35.127877
37.041226
38.733564
40.131646
41.176426
41.830431
42.082616
41.949439
41.471804
40.708561
39.728082
38.599806
37.387286
36.143675
34.909743
33.714011
32.574266
31.499746
30.493439
29.554155
28.678196
27.860597
27.095994
26.379165
25.705356
25.070431
24.470923
23.904029
23.367554
22.859859
22.379794
21.926642
21.500071
21.100091
20.727032
20.381520
20.064468
19.777071
19.520812
19.297466
19.109109
18.958131
18.847245
18.779496
18.758259
18.787234
18.870424
19.012095
19.216710
19.488837
19.833009
20.253544
20.754306
21.338406
22.007838
22.763052
23.602475
24.522006
25.514507
26.569353
27.672106
28.804382
29.944009
31.065529
32.141113
33.141868
34.039482
34.808073
35.426034
35.877641
36.154197
36.254523
36.184739
35.957344
35.589786
35.102717
34.518213
33.858162
33.142984
32.390764
31.616783
30.833400
30.050190
29.274253
28.510605
27.762592
27.032276
26.320774
25.628542
24.955587
24.301643
23.666282
23.049003
22.449286
21.866625
21.300549
20.750634
20.216507
19.697848
19.194391
18.705921
18.232277
17.773352
17.329097
16.899524
16.484712
16.084814
15.700070
15.330816
14.977502
14.640706
14.321159
14.019769
13.737649
13.476155
13.236922
13.021914
12.833476
12.674397
12.547977
12.458107
12.409352
12.407046
12.457382
12.567512
12.745632
13.001051
13.344227
13.786749
14.341239
15.021127
15.840267
16.812332
17.949933
19.263398
20.759189
22.437938
24.292179
26.303933
28.442456
30.662587
32.904295
35.094038
37.148475
38.980703
40.508636
41.664436
42.403258
42.709373
42.598044
42.112578
41.317176
40.287368
39.100210
37.826204
36.524021
35.238242
33.999561
32.826602
31.728483
30.707483
29.761401
28.885432
28.073551
27.319440
26.617072
25.961033
25.346670
24.770130
24.228326
23.718873
23.240018
22.790558
22.369775
21.977375
21.613441
21.278401
20.972995
20.698264
20.455535
20.246418
20.072802
19.936851
19.841004
19.787968
19.780700
19.822388
19.916411
20.066286
20.275584
20.547831
20.886360
21.294136
21.773531
22.326065
22.952087
23.650443
24.418102
25.249794
26.137677
27.071081
28.036369
29.016981
29.993707
30.945214
31.848861
32.681761
33.422030
34.050121
34.550084
34.910623
35.125791
35.195228
35.123927
34.921544
34.601381
34.179172
33.671844
33.096380
32.468902
31.804005
31.114366
30.410590
29.701245
28.993020
28.290974
27.598801
26.919104
26.253642
25.603547
24.969497
24.351862
23.750809
23.166380
22.598557
22.047299
21.512573
20.994376
20.492750
20.007793
19.539671
19.088627
18.654995
18.239207
17.841812
17.463489
17.105070
16.767556
16.452151
16.160285
15.893650
15.654239
15.444388
15.266823
15.124708
15.021708
14.962033
14.950503
14.992599
15.094499
15.263111
15.506071
15.831701
16.248915
16.767047
17.395569
18.143690
19.019780
20.030625
21.180463
22.469829
23.894239
25.442783
27.096789
28.828756
30.601843
32.370205
34.080490
35.674641
37.093992
38.284315
39.201167
39.814663
40.112733
40.102162
39.807127
39.265552
38.524039
37.632402
36.638784
35.586003
34.509405
33.436137
32.385500
31.369998
30.396697
29.468611
28.585957
27.747170
26.949692
26.190521
25.466585
24.774971
24.113053
23.478547
22.869520
22.284383
21.721854
21.180937
20.660881
20.161160
19.681449
19.221609
18.781674
18.361854
17.962532
17.584274
17.227842
16.894209
16.584586
16.300446
16.043557
15.816020
15.620311
15.459325
15.336429
15.255510
15.221029
15.238067
15.312374
15.450388
15.659245
15.946752
16.321307
16.791757
17.367163
18.056447
18.867905
19.808542
20.883227
22.093657
23.437154
24.905358
26.482928
28.146431
29.863655
31.593620
33.287572
34.891175
36.347926
37.603616
38.611333
39.336257
39.759388
39.879440
39.712455
39.289204
38.650921
37.844235
36.916258
35.910572
34.864545
33.808024
32.763208
31.745340
30.763855
29.823686
28.926511
28.071819
27.257768
26.481807
25.741124
25.032927
24.354616
23.703871
23.078687
22.477375
21.898543
21.341071
20.804078
20.286900
19.789062
19.310264
18.850367
18.409385
17.987485
17.584989
17.202384
16.840336
16.499703
16.181562
15.887235
15.618320
15.376729
15.164730
14.984995
14.840652
14.735341
14.673271
14.659285
14.698910
14.798409
14.964814
15.205932
15.530319
15.947186
16.466240
17.097415
17.850463
18.734387
19.756670
20.922297
22.232546
23.683600
25.265053
26.958452
28.736103
30.560424
32.384196
34.152018
35.803183
37.275967
38.512989
39.466963
40.105891
40.416649
40.406196
40.100058
39.538422
38.770669
37.849484
36.825603
35.743917
34.641226
33.545532
32.476486
31.446572
30.462586
29.527147
28.640022
27.799210
27.001750
26.244298
25.523502
24.836229
24.179688
23.551476
22.949586
22.372389
21.818595
21.287226
20.777573
20.289177
19.821798
19.375404
18.950161
18.546429
18.164770
17.805951
17.470966
17.161050
16.877708
16.622742
16.398287
16.206848
16.051341
15.935139
15.862113
15.836678
15.863828
15.949166
16.098914
16.319899
16.619501
17.005553
17.486167
18.069474
18.763254
19.574428
20.508403
21.568252
22.753744
24.060254
25.477620
26.989073
28.570407
30.189593
31.807089
33.377044
34.849541
36.173847
37.302433
38.195282
38.823841
39.173901
39.246827
39.058867
38.638665
38.023489
37.254897
36.374618
35.421218
34.427874
33.421298
32.421611
31.442913
30.494229
29.580597
28.704126
27.864905
27.061748
26.292748
25.555674
24.848232
24.168235
23.513684
22.882815
22.274107
21.686271
21.118230
20.569097
20.038154
19.524829
19.028680
18.549386
18.086731
17.640609
17.211016
16.798057
16.401951
16.023040
15.661808
15.318891
14.995104
14.691465
14.409224
14.149901
13.915328
13.707694
13.529601
13.384126
13.274889
13.206128
13.182775
13.210544
13.296005
13.446660
13.670999
13.978520
14.379712
14.885954
15.509314
16.262211
17.156881
18.204614
19.414715
20.793143
22.340845
24.051828
25.911097
27.892696
29.958211
32.056199
34.123053
36.085759
37.866760
39.390721
40.592424
41.424526
41.863579
41.912897
41.601478
40.979159
40.109154
39.059666
37.896299
36.676451
35.446194
34.239444
33.078819
31.977501
30.941446
29.971528
29.065369
28.218754
27.426661
26.683940
25.985737
25.327720
24.706185
24.118072
23.560934
23.032893
22.532572
22.059044
21.611777
21.190592
20.795634
20.427344
20.086451
19.773964
19.491170
19.239648
19.021270
18.838222
18.693010
18.588482
18.527831
18.514598
18.552670
18.646258
18.799853
19.018164
19.306013
19.668195
20.109281
20.633368
21.243752
21.942541
22.730197
23.605013
24.562575
25.595209
26.691505
27.835971
29.008913
30.186623
31.341968
32.445413
33.466481
34.375568
35.145950
35.755757
36.189655
36.439969
36.507089
36.399069
36.130513
35.720918
35.192752
34.569543
33.874204
33.127759
32.348519
31.551694
30.749359
29.950676
29.162271
28.388681
27.632796
26.896267
26.179859
25.483727
24.807634
24.151111
23.513567
22.894368
22.292883
21.708512
21.140703
20.588959
20.052836
19.531946
19.025952
18.534565
18.057544
17.594695
17.145870
16.710970
16.289949
15.882817
15.489649
15.110591
14.745874
14.395823
14.060875
13.741598
13.438710
13.153108
12.885897
12.638430
12.412342
12.209608
12.032596
11.884132
11.767577
11.686910
11.646822
11.652820
11.711335
11.829829
12.016904
12.282395
12.637421
13.094397
13.666953
14.369726
15.217987
16.227012
17.411161
18.782565
20.349396
22.113679
24.068722
26.196335
28.464165
30.823669
33.209411
35.540461
37.724524
39.665097
41.271183
42.468281
43.208535
43.477673
43.296805
42.718442
41.817661
40.680661
39.393432
38.032787
36.660915
35.323484
34.050495
32.858794
31.755228
30.739732
29.807944
28.953212
28.168005
27.444832
26.776777
26.157777
25.582722
25.047446
24.548665
24.083888
23.651314
23.249748
22.878509
22.537371
22.226496
21.946396
21.697896
21.482106
21.300401
21.154400
21.045948
20.977101
20.950097
20.967328
21.031299
21.144574
21.309704
21.529142
21.805125
22.139538
22.533753
22.988434
23.503320
24.077000
24.706662
25.387865
26.114331
26.877788
27.667898
28.472300
29.276784
30.065637
30.822146
31.529266
32.170405
32.730274
33.195726
33.556500
33.805780
33.940513
33.961438
33.872835
33.682029
33.398714
33.034186
32.600567
32.110098
31.574558
31.004826
30.410606
29.800289
29.180936
28.558344
27.937169
27.321082
26.712932
26.114901
25.528651
24.955450
24.396277
23.851906
23.322979
22.810059
22.313674
21.834351
21.372648
20.929173
20.504610
20.099736
19.715444
19.352763
19.012876
18.697151
18.407158
18.144702
17.911850
17.710964
17.544729
17.416188
17.328771
17.286322
17.293121
17.353891
17.473790
17.658388
17.913599
18.245585
18.660595
19.164745
19.763714
20.462343
21.264140
22.170674
23.180878
24.290286
25.490259
26.767273
28.102383
29.470998
30.843100
32.184048
33.456039
34.620223
35.639332
36.480572
37.118398
37.536746
37.730343
37.704850
37.475810
37.066601
36.505755
35.824104
35.052181
34.218162
33.346504
32.457281
31.566089
30.684385
29.820057
28.978105
28.161320
27.370886
26.606890
25.868719
25.155353
24.465577
23.798118
23.151735
22.525261
21.917637
21.327906
20.755220
20.198822
19.658039
19.132271
18.620974
18.123656
17.639863
17.169176
16.711204
16.265579
15.831951
15.409989
14.999376
14.599809
14.210995
13.832655
13.464521
13.106334
12.757847
12.418823
12.089038
11.768277
11.456340
11.153038
10.858198
10.571661
10.293288
10.022957
9.760570
9.506055
9.259370
9.020507
8.789501
8.566432
8.351440
8.144734
7.946602
7.757434
7.577734
7.408150
7.249502
7.102812
6.969356
6.850706
6.748799
6.666009
6.605233
6.570003
6.564607
6.594237
6.665159
6.784909
6.962512
7.208719
7.536254
7.960069
8.497549
9.168662
9.995968
11.004407
12.220743
13.672512
15.386273
17.384968
19.684205
22.287382
25.179765
28.322047
31.644371
35.042505
38.378319
41.486834
44.191259
46.325489
47.760542
48.428627
48.337407
47.569027
46.263403
44.590879
42.722800
40.808009
38.959632
37.252150
35.725808
34.394591
33.254734
32.291995
31.487060
30.819119
30.268000
29.815266
29.444661
29.142171
28.895877
28.695717
28.533237
28.401337
28.294053
28.206370
28.134067
28.073582
28.021918
27.976550
27.935361
27.896588
27.858775
27.820736
27.781524
27.740404
27.696831
27.650428
27.600971
27.548365
27.492638
27.433919
27.372431
27.308471
27.242408
27.174663
27.105707
27.036045
26.966211
26.896760
26.828260
26.761285
26.696408
26.634199
26.575214
26.519995
26.469062
26.422909
26.382002
26.346773
26.317613
26.294873
26.278858
26.269820
26.267958
26.273413
26.286263
26.306519
26.334124
26.368948
26.410786
26.459356
26.514298
26.575175
26.641471
26.712593
26.787877
26.866592
26.947943
27.031080
27.115109
27.199098
27.282093
27.363128
27.441238
27.515476
27.584925
27.648714
27.706028
27.756127
27.798354
27.832147
27.857044
27.872697
27.878870
27.875443
27.862415
27.839896
27.808111
27.767389
27.718155
27.660928
27.596305
27.524954
27.447606
27.365043
27.278088
27.187594
27.094440
26.999518
26.903727
26.807968
26.713132
26.620102
26.529740
26.442891
26.360370
26.282962
26.211420
26.146458
26.088746
26.038912
25.997529
25.965117
25.942138
25.928984
25.925979
25.933370
25.951319
25.979901
26.019094
26.068773
26.128707
26.198552
26.277845
26.366005
26.462329
26.565992
26.676050
26.791445
26.911012
27.033491
27.157536
27.281736
27.404629
27.524728
27.640540
27.750593
27.853459
27.947783
28.032303
28.105880
28.167512
28.216355
28.251738
28.273172
28.280358
28.273184
28.251729
28.216249
28.167175
28.105094
28.030735
27.944953
27.848712
27.743065
27.629139
27.508113
27.381210
27.249675
27.114767
26.977745
26.839863
26.702357
26.566443
26.433307
26.304108
26.179966
26.061966
25.951153
25.848529
25.755051
25.671628
25.599119
25.538324
25.489987
25.454780
25.433306
25.426083
25.433540
25.456004
25.493691
25.546690
25.614957
25.698297
25.796354
25.908598
26.034319
26.172612
26.322376
26.482311
26.650919
26.826511
27.007221
27.191022
27.375750
27.559135
27.738839
27.912491
28.077737
28.232287
28.373960
28.500732
28.610782
28.702530
28.774672
28.826204
28.856438
28.865012
28.851886
28.817331
28.761915
28.686469
28.592067
28.479986
28.351670
28.208700
28.052756
27.885587
27.708979
27.524737
27.334655
27.140510
26.944040
26.746940
26.550855
26.357373
26.168032
25.984310
25.807635
25.639383
25.480879
25.333403
25.198189
25.076426
24.969257
24.877779
24.803035
24.746012
24.707634
24.688747
24.690111
24.712379
24.756087
24.821625
24.909221
25.018910
25.150513
25.303607
25.477498
25.671197
25.883398
26.112458
26.356386
26.612839
26.879134
27.152256
27.428901
27.705512
27.978343
28.243530
28.497174
28.735434
28.954622
29.151301
29.322381
29.465198
29.577586
29.657932
29.705202
29.718958
29.699340
29.647040
29.563248
29.449595
29.308077
29.140983
28.950816
28.740223
28.511928
28.268672
28.013170
27.748072
27.475932
27.199195
26.920186
26.641104
26.364027
26.090919
25.823637
25.563947
25.313531
25.074004
24.846924
24.633807
24.436131
24.255352
24.092904
23.950208
23.828672
23.729689
23.654630
23.604842
23.581629
23.586233
23.619818
23.683434
23.777984
23.904186
24.062521
24.253182
24.476020
24.730477
25.015526
25.329613
25.670600
26.035715
26.421528
26.823934
27.238166
27.658840
28.080030
28.495378
28.898239
29.281860
29.639576
29.965030
30.252387
30.496540
30.693289
30.839483
30.933107
30.973320
30.960433
30.895835
30.781868
30.621683
30.419056
30.178212
29.903645
29.599965
29.271751
28.923447
28.559278
28.183194
27.798839
27.409542
27.018324
26.627916
26.240781
25.859155
25.485073
25.120406
24.766897
24.426190
24.099861
23.789444
23.496456
23.222420
22.968881
22.737425
22.529691
22.347383
22.192279
22.066231
21.971168
21.909090
21.882051
21.892146
21.941476
22.032110
22.166031
22.345071
22.570828
22.844564
23.167093
23.538647
23.958734
24.425981
24.937982
25.491153
26.080599
26.700033
27.341729
27.996563
28.654123
29.302928
29.930741
30.524979
31.073203
31.563650
31.985786
32.330807
32.592063
32.765351
32.849052
32.844095
32.753764
32.583363
32.339790
32.031053
31.665795
31.252845
30.800846
30.317960
29.811667
29.288646
28.754736
28.214941
27.673489
27.133909
26.599126
26.071558
25.553210
25.045757
24.550629
24.069068
23.602195
23.151051
22.716643
22.299977
21.902089
21.524071
21.167100
20.832457
20.521552
20.235945
19.977367
19.747745
19.549218
19.384159
19.255192
19.165205
19.117357
19.115080
19.162065
19.262238
19.419713
19.638718
19.923494
20.278154
20.706491
21.211744
21.796304
22.461361
23.206510
24.029309
24.924833
25.885241
26.899422
27.952769
29.027153
30.101173
31.150723
32.149910
33.072314
33.892494
34.587627
35.139091
35.533790
35.765037
35.832857
35.743673
35.509429
35.146282
34.673076
34.109797
33.476201
32.790720
32.069728
31.327138
30.574302
29.820120
29.071302
28.332701
27.607662
26.898361
26.206096
25.531541
24.874939
24.236253
23.615279
23.011724
22.425260
21.855562
21.302328
20.765296
20.244253
19.739037
19.249545
18.775736
18.317633
17.875332
17.449008
17.038925
16.645446
16.269048
15.910339
15.570080
15.249205
14.948851
14.670391
14.415471
14.186052
13.984459
13.813438
13.676215
13.576564
13.518883
13.508264
13.550577
13.652534
13.821757
14.066817
14.397231
14.823418
15.356563
16.008376
16.790695
17.714902
18.791100
20.027018
21.426619
22.988436
24.703698
26.554415
28.511660
30.534437
32.569570
34.553083
36.413427
38.076638
39.473078
40.544895
41.252914
41.581516
41.540320
41.162190
40.497987
39.609277
38.560597
37.412759
36.218140
35.018246
33.843289
32.713193
31.639397
30.626911
29.676251
28.785082
27.949476
27.164816
26.426397
25.729800
25.071086
24.446884
23.854411
23.291437
22.756247
22.247580
21.764583
21.306764
20.873956
20.466289
20.084170
19.728279
19.399560
19.099230
18.828788
18.590028
18.385061
18.216327
18.086625
17.999124
17.957382
17.965352
18.027378
18.148178
18.332795
18.586527
18.914812
19.323062
19.816436
20.399545
21.076070
21.848300
22.716588
23.678735
24.729345
25.859189
27.054655
28.297380
29.564178
30.827361
32.055561
33.215091
34.271813
35.193391
35.951694
36.525046
36.899994
37.072295
37.046969
36.837387
36.463573
35.950011
35.323308
34.610037
33.835002
33.020059
32.183477
31.339790
30.499995
29.671980
28.861055
28.070502
27.302088
26.556498
25.833687
25.133156
24.454141
23.795758
23.157089
22.537241
21.935374
21.350718
20.782574
20.230314
19.693375
19.171249
18.663478
18.169648
17.689381
17.222332
16.768184
16.326649
15.897463
15.480388
15.075212
14.681748
14.299840
13.929365
13.570233
13.222397
12.885856
12.560664
12.246938
11.944867
11.654729
11.376904
11.111891
10.860333
10.623042
10.401033
10.195559
10.008157
9.840701
9.695467
9.575204
9.483222
9.423493
9.400761
9.420679
9.489946
9.616465
9.809508
10.079872
10.440027
10.904216
11.488493
12.210628
13.089840
14.146263
15.400034
16.869915
18.571301
20.513560
22.696665
25.107268
27.714540
30.466449
33.287425
36.078671
38.722366
41.090599
43.058846
44.522343
45.412134
45.706721
45.435771
44.674377
43.529298
42.121059
40.566646
38.966572
37.397971
35.913337
34.543223
33.300936
32.187636
31.196851
30.318001
29.538871
28.847212
28.231656
27.682174
27.190224
26.748734
26.351979
25.995421
25.675539
25.389667
25.135842
24.912679
24.719261
24.555040
24.419765
24.313408
24.236108
24.188117
24.169750
24.181340
24.223187
24.295517
24.398429
24.531845
24.695463
24.888696
25.110626
25.359948
25.634926
25.933348
26.252498
26.589135
26.939495
27.299306
27.663836
28.027955
28.386234
28.733063
29.062786
29.369866
29.649041
29.895493
30.105004
30.274083
30.400078
30.481241
30.516755
30.506726
30.452128
30.354716
30.216919
30.041713
29.832479
29.592875
29.326710
29.037832
28.730037
28.406994
28.072198
27.728931
27.380249
27.028974
26.677703
26.328826
25.984541
25.646880
25.317736
24.998884
24.692011
24.398737
24.120636
23.859257
23.616142
23.392838
23.190915
23.011971
22.857640
22.729596
22.629551
22.559252
22.520465
22.514963
22.544497
22.610764
22.715365
22.859748
23.045148
23.272504
23.542375
23.854836
24.209374
24.604773
25.038997
25.509091
26.011081
26.539914
27.089425
27.652360
28.220454
28.784574
29.334940
29.861403
30.353795
30.802308
31.197896
31.532665
31.800212
31.995893
32.116993
32.162776
32.134421
32.034856
31.868492
31.640912
31.358522
31.028209
30.657024
30.251913
29.819506
29.365961
28.896878
28.417248
27.931458
27.443316
26.956100
26.472623
25.995299
25.526209
25.067170
24.619788
24.185518
23.765707
23.361637
22.974562
22.605739
22.256457
21.928063
21.621984
21.339749
21.083011
20.853560
20.653345
20.484486
20.349284
20.250229
20.190002
20.171468
20.197662
20.271757
20.397023
20.576759
20.814208
21.112437
21.474190
21.901700
22.396473
22.959028
23.588606
24.282870
25.037585
25.846337
26.700286
27.588030
28.495588
29.406573
30.302563
31.163711
31.969567
32.700083
33.336719
33.863558
34.268291
34.542964
34.684392
34.694176
34.578337
34.346613
34.011529
33.587364
33.089127
32.531659
31.928920
31.293494
30.636307
29.966528
29.291618
28.617473
27.948625
27.288469
26.639478
26.003411
25.381489
24.774539
24.183115
23.607588
23.048219
22.505210
21.978743
21.469013
20.976248
20.500727
20.042797
19.602889
19.181530
18.779361
18.397155
18.035834
17.696493
17.380423
17.089143
16.824428
16.588346
16.383297
16.212050
16.077793
15.984173
15.935342
15.935999
15.991418
16.107473
16.290633
16.547933
16.886899
17.315412
17.841501
18.473028
19.217268
20.080330
21.066444
22.177081
23.409937
24.757841
26.207658
27.739343
29.325322
30.930429
32.512614
34.024606
35.416589
36.639771
37.650496
38.414358
38.909632
39.129373
39.081761
38.788580
38.282158
37.601362
36.787398
35.880093
34.915116
33.922314
32.925084
31.940587
30.980474
30.051894
29.158545
28.301651
27.480778
26.694484
25.940786
25.217494
24.522424
23.853524
23.208946
22.587068
21.986494
21.406046
20.844738
20.301756
19.776438
19.268253
18.776789
18.301740
17.842901
17.400164
16.973514
16.563042
16.168941
15.791525
15.431238
15.088669
14.764580
14.459922
14.175875
13.913872
13.675648
13.463284
13.279261
13.126521
13.008537
12.929385
12.893831
12.907412
12.976527
13.108514
13.311723
13.595559
13.970484
14.447953
15.040260
15.760244
16.620827
17.634312
18.811415
20.159962
21.683258
23.378139
25.232816
27.224717
29.318667
31.465851
33.604125
35.660200
37.554040
39.205436
40.542146
41.508364
42.071879
42.228260
42.000953
41.437159
40.600464
39.561958
38.391760
37.152437
35.895048
34.657752
33.466410
32.336423
31.275076
30.283879
29.360593
28.500837
27.699239
26.950229
26.248519
25.589370
24.968719
24.383202
23.830127
23.307420
22.813559
22.347509
21.908668
21.496812
21.112065
20.754865
20.425951
20.126349
19.857373
19.620621
19.417990
19.251673
19.124176
19.038317
18.997231
19.004364
19.063451
19.178487
19.353667
19.593303
19.901711
20.283042
20.741084
21.278986
21.898942
22.601808
23.386667
24.250360
25.187018
26.187615
27.239624
28.326830
29.429376
30.524114
31.585315
32.585756
33.498134
34.296729
34.959138
35.467882
35.811667
35.986116
35.993854
35.843943
35.550756
35.132479
34.609454
34.002593
33.332032
32.616127
31.870829
31.109407
30.342450
29.578071
28.822232
28.079107
27.351464
26.640994
25.948610
25.274680
24.619210
23.981982
23.362656
22.760832
22.176101
21.608073
21.056391
20.520744
20.000873
19.496571
19.007689
18.534135
18.075880
17.632959
17.205480
16.793633
16.397696
16.018050
15.655195
15.309767
14.982559
14.674549
14.386927
14.121131
13.878888
13.662258
13.473691
13.316080
13.192833
13.107947
13.066081
13.072646
13.133887
13.256958
13.449997
13.722160
14.083633
14.545568
15.119935
15.819250
16.656128
17.642626
18.789314
20.104040
21.590374
23.245741
25.059353
27.010116
29.064828
31.177104
33.287530
35.325582
37.213652
38.873185
40.232401
41.234502
41.844804
42.055206
41.884824
41.376541
40.590274
39.594523
38.458058
37.243240
36.001789
34.773052
33.584306
32.452349
31.385704
30.386894
29.454458
28.584576
27.772259
27.012181
26.299195
25.628631
24.996443
24.399249
23.834320
23.299529
22.793292
22.314505
21.862492
21.436950
21.037920
20.665754
20.321099
20.004887
19.718333
19.462939
19.240498
19.053109
18.903185
18.793467
18.727027
18.707275
18.737949
18.823092
18.967017
19.174238
19.449374
19.797013
20.221526
20.726828
21.316072
21.991278
22.752908
23.599371
24.526510
25.527093
26.590346
27.701632
28.842314
29.989917
31.118651
32.200341
33.205767
34.106340
34.875985
35.493013
35.941746
36.213657
36.307857
36.230829
35.995485
35.619678
35.124434
34.532134
33.864888
33.143258
32.385396
31.606585
30.819141
30.032568
29.253879
28.487997
27.738181
27.006410
26.293731
25.600537
24.926785
24.272166
23.636218
23.018412
22.418202
21.835063
21.268506
20.718090
20.183428
19.664184
19.160075
18.670871
18.196394
17.736516
17.291168
16.860336
16.444072
16.042498
15.655818
15.284327
14.928425
14.588638
14.265632
13.960240
13.673492
13.406643
13.161217
12.939046
12.742325
12.573671
12.436189
12.333549
12.270068
12.250804
12.281650
12.369437
12.522022
12.748375
13.058633
13.464108
13.977229
14.611376
15.380563
16.298925
17.379940
18.635335
20.073618
21.698221
23.505279
25.481181
27.600133
29.822133
32.091925
34.339570
36.483259
38.434723
40.107106
41.424455
42.331248
42.799963
42.834784
42.470389
41.765978
40.796036
39.640030
38.373253
37.060299
35.751703
34.483390
33.278104
32.147909
31.096966
30.124113
29.224970
28.393524
27.623226
26.907687
26.241084
25.618357
25.035273
24.488410
23.975095
23.493332
23.041716
22.619361
22.225833
21.861099
21.525483
21.219637
20.944516
20.701366
20.491711
20.317351
20.180353
20.083046
20.028013
20.018072
20.056254
20.145761
20.289911
20.492062
20.755503
21.083326
21.478245
21.942391
22.477061
23.082428
23.757219
24.498384
25.300751
26.156733
27.056092
27.985822
28.930200
29.871039
30.788186
31.660269
32.465672
33.183683
33.795718
34.286484
34.644959
34.865055
34.945876
34.891532
34.710555
34.414997
34.019330
33.539314
32.990937
32.389536
31.749149
31.082111
30.398868
29.707973
29.016211
28.328803
27.649647
26.981564
26.326534
25.685898
25.060527
24.450966
23.857538
23.280427
22.719743
22.175560
21.647956
21.137031
20.642930
20.165853
19.706075
19.263952
18.839935
18.434589
18.048605
17.682819
17.338235
17.016051
16.717681
16.444793
16.199343
15.983613
15.800255
15.652338
15.543396
15.477481
15.459209
15.493804
15.587134
15.745727
15.976763
16.288029
16.687816
17.184748
17.787517
18.504491
19.343186
20.309568
21.407180
22.636091
23.991719
25.463584
27.034129
28.677800
30.360609
32.040459
33.668465
35.191417
36.555371
37.710066
38.613654
39.236978
39.566612
39.606026
39.374607
38.904716
38.237407
37.417631
36.489801
35.494307
34.465311
33.429790
32.407604
31.412251
30.451984
29.531028
28.650716
27.810452
27.008475
26.242413
25.509674
24.807697
24.134098
23.486748
22.863803
22.263699
21.685140
21.127070
20.588646
20.069217
19.568299
19.085559
18.620809
18.173991
17.745182
17.334594
16.942582
16.569655
16.216491
15.883959
15.573142
15.285368
15.022241
14.785686
14.577988
14.401850
14.260445
14.157480
14.097259
14.084755
14.125674
14.226514
14.394613
14.638175
14.966249
15.388665
15.915879
16.558718
17.327974
18.233823
19.285027
20.487885
21.844938
23.353437
25.003657
26.777221
28.645656
30.569525
32.498518
34.372904
36.126600
37.691905
39.005541
40.015223
40.685648
41.002677
40.974731
40.631026
40.017010
39.188016
38.202499
37.116095
35.977339
34.825328
33.689149
32.588596
31.535647
30.536225
29.591920
28.701463
27.861901
27.069452
26.320098
25.609953
24.935485
24.293611
23.681737
23.097746
22.539961
22.007110
21.498275
21.012857
20.550544
20.111284
19.695271
19.302938
18.934951
18.592219
18.275902
17.987430
17.728526
17.501227
17.307915
17.151351
17.034701
16.961573
16.936038
16.962654
17.046472
17.193027
17.408300
17.698645
18.070667
18.531043
19.086255
19.742241
20.503932
21.374672
22.355531
23.444512
24.635691
25.918378
27.276362
28.687409
30.123143
31.549491
32.927813
34.216784
35.374980
36.363953
37.151439
37.714258
38.040395
38.129902
37.994432
37.655489
37.141737
36.485838
35.721364
34.880176
33.990559
33.076146
32.155586
31.242753
30.347317
29.475489
28.630792
27.814786
27.027672
26.268778
25.536925
24.830686
24.148556
23.489071
22.850858
22.232677
21.633418
21.052105
20.487881
19.939996
19.407789
18.890678
18.388144
17.899724
17.425000
16.963597
16.515171
16.079413
15.656045
15.244816
14.845505
14.457923
14.081913
13.717354
13.364165
13.022311
12.691808
12.372732
12.065226
11.769517
11.485924
11.214880
10.956949
10.712849
10.483487
10.269988
10.073736
9.896429
9.740129
9.607338
9.501071
9.424956
9.383334
9.381388
9.425277
9.522285
9.680986
9.911403
10.225166
10.635640
11.157997
11.809199
12.607828
13.573693
14.727127
16.087853
17.673309
19.496331
21.562122
23.864565
26.382109
29.073707
31.875622
34.700242
37.438185
39.964828
42.151652
43.881543
45.065545
45.657295
45.661080
45.130821
44.159912
42.864723
41.366352
39.775093
38.180431
36.647116
35.216158
33.908787
32.731536
31.681156
30.748664
29.922341
29.189744
28.538935
27.959141
27.441039
26.976808
26.560047
26.185626
25.849523
25.548647
25.280688
25.043975
24.837353
24.660089
24.511776
24.392268
24.301611
24.239988
24.207671
24.204968
24.232179
24.289552
24.377231
24.495210
24.643280
24.820980
25.027544
25.261848
25.522364
25.807113
26.113633
26.438954
26.779590
27.131546
27.490352
27.851119
28.208618
28.557385
28.891851
29.206488
29.495966
29.755316
29.980088
30.166489
30.311504
30.412975
30.469656
30.481210
30.448184
30.371940
30.254554
30.098703
29.907530
29.684518
29.433358
29.157833
28.861722
28.548716
28.222360
27.886007
27.542795
27.195638
26.847225
26.500031
26.156337
25.818247
25.487715
25.166570
24.856541
24.559275
24.276369
24.009382
23.759858
23.529337
23.319377
23.131555
22.967481
22.828802
22.717200
22.634392
22.582117
22.562126
22.576157
22.625907
22.712995
22.838908
23.004948
23.212159
23.461241
23.752462
24.085552
24.459595
24.872917
25.322979
25.806280
26.318282
26.853368
27.404837
27.964959
28.525088
29.075849
29.607379
30.109648
30.572815
30.987615
31.345748
31.640234
31.865708
32.018633
32.097397
32.102307
32.035466
31.900558
31.702561
31.447423
31.141717
30.792326
30.406151
29.989881
29.549812
29.091733
28.620860
28.141813
27.658635
27.174823
26.693392
26.216933
25.747678
25.287570
24.838319
24.401460
23.978400
23.570464
23.178932
22.805073
22.450175
22.115569
21.802659
21.512937
21.248009
21.009612
20.799626
20.620097
20.473244
20.361465
20.287346
20.253653
20.263321
20.319428
20.425161
20.583753
20.798406
21.072188
21.407895
21.807880
22.273854
22.806642
23.405911
24.069880
24.795013
25.575731
26.404158
27.269949
28.160234
29.059719
29.950980
30.814973
31.631770
32.381470
33.045258
33.606488
34.051701
34.371445
34.560806
34.619569
34.552002
34.366290
34.073707
33.687640
33.222577
32.693188
32.113549
31.496575
30.853667
30.194543
29.527230
28.858167
28.192380
27.533694
26.884943
26.248183
25.624870
25.016015
24.422315
23.844246
23.282151
22.736291
22.206891
21.694179
21.198404
20.719865
20.258919
19.816005
19.391655
18.986512
18.601344
18.237070
17.894774
17.575735
17.281455
17.013682
16.774455
16.566133
16.391437
16.253497
16.155886
16.102670
16.098442
16.148357
16.258146
16.434115
16.683116
17.012470
17.429838
17.943019
18.559648
19.286784
20.130365
21.094513
22.180696
23.386755
24.705849
26.125411
27.626229
29.181834
30.758417
32.315470
33.807323
35.185659
36.402882
37.416038
38.190777
38.704717
38.949595
38.931761
38.670903
38.197258
37.547845
36.762448
35.879967
34.935631
33.959250
32.974493
31.998967
31.044859
30.119857
29.228161
28.371429
27.549585
26.761467
26.005308
25.279074
24.580693
23.908188
23.259757
22.633803
22.028940
21.443985
20.877938
20.329961
19.799361
19.285569
18.788124
18.306666
17.840921
17.390704
16.955912
16.536529
16.132627
15.744377
15.372057
15.016065
14.676940
14.355374
14.052245
13.768642
13.505896
13.265628
13.049785
12.860704
12.701163
12.574458
12.484477
12.435783
12.433708
12.484448
12.595155
12.774024
13.030364
13.374627
13.818392
14.374261
15.055635
15.876325
16.849941
17.989008
19.303746
20.800478
22.479671
24.333670
26.344299
28.480620
30.697315
32.934262
35.117934
37.165136
38.989266
40.508676
41.656067
42.387163
42.686738
42.570422
42.081689
41.284701
40.254773
39.068634
37.796412
36.496425
35.212959
33.976489
32.805497
31.709024
30.689321
29.744189
28.868853
28.057318
27.303306
26.600826
25.944497
25.329696
24.752591
24.210114
23.699897
23.220196
22.769817
22.348047
21.954595
21.589548
21.253333
20.946692
20.670664
20.426578
20.216044
20.040953
19.903471
19.806044
19.751384
19.742462
19.782479
19.874837
20.023078
20.230808
20.501594
20.838820
21.245511
21.724113
22.276221
22.902275
23.601214
24.370101
25.203758
26.094425
27.031490
28.001348
28.987431
29.970472
30.929026
31.840287
32.681146
33.429459
34.065391
34.572705
34.939841
35.160627
35.234553
35.166528
34.966208
34.646961
34.224647
33.716352
33.139238
32.509605
31.842211
31.149876
30.443321
29.731197
29.020258
28.315598
27.620933
26.938871
26.271170
25.618949
24.982875
24.363300
23.760371
23.174115
22.604494
22.051451
21.514933
20.994921
20.491436
20.004560
19.534439
19.081294
18.645435
18.227271
17.827322
17.446237
17.084811
16.744010
16.424991
16.129135
15.858081
15.613759
15.398437
15.214764
15.065824
14.955186
14.886968
14.865886
14.897316
14.987333
15.142749
15.371119
15.680709
16.080419
16.579626
17.187930
17.914773
18.768904
19.757656
20.886022
22.155519
23.562878
25.098621
26.745668
28.478167
30.260819
32.049012
33.790070
35.425828
36.896552
38.145930
39.126533
39.804879
40.165132
40.210632
39.962890
39.458234
38.742821
37.867058
36.880440
35.827568
34.745686
33.663714
32.602455
31.575580
30.590985
29.652230
28.759841
27.912395
27.107356
26.341674
25.612189
24.915884
24.250024
23.612226
23.000471
22.413093
21.848754
21.306410
20.785277
20.284807
19.804660
19.344692
18.904941
18.485624
18.087139
17.710073
17.355211
17.023559
16.716361
16.435129
16.181677
15.958154
15.767087
15.611428
15.494598
15.420541
15.393771
15.419416
15.503260
15.651756
15.872030
16.171840
16.559482
17.043634
17.633099
18.336437
19.161449
20.114502
21.199662
22.417666
23.764726
25.231272
26.800725
28.448503
30.141479
31.838178
33.489953
35.043321
36.443461
37.638633
38.584992
39.251061
39.621053
39.696334
39.494707
39.047638
38.396011
37.585246
36.660690
35.663926
34.630369
33.588161
32.558144
31.554577
30.586256
29.657757
28.770611
27.924309
27.117098
26.346568
25.610062
24.904945
24.228757
23.579301
22.954671
22.353255
21.773718
21.214975
20.676164
20.156623
19.655863
19.173558
18.709528
18.263732
17.836270
17.427383
17.037461
16.667056
16.316894
15.987903
15.681232
15.398282
15.140745
14.910641
14.710364
14.542738
14.411066
14.319199
14.271597
14.273392
14.330453
14.449439
14.637832
14.903952
15.256918
15.706552
16.263202
16.937433
17.739584
18.679129
19.763820
20.998591
22.384222
23.915803
25.581096
27.358972
29.218175
31.116762
33.002590
34.815200
36.489299
37.959755
39.167650
40.066534
40.627766
40.843807
40.728690
40.315504
39.651430
38.791436
37.791906
36.705310
35.576579
34.441311
33.325560
32.246735
31.215102
30.235478
29.308832
28.433634
27.606913
26.825018
26.084143
25.380643
24.711225
24.073027
23.463647
22.881126
22.323917
21.790843
21.281054
20.794001
20.329394
19.887192
19.467582
19.070974
18.698004
18.349540
18.026692
17.730835
17.463626
17.227037
17.023382
16.855350
16.726047
16.639021
16.598306
16.608440
16.674491
16.802055
16.997234
17.266584
17.617015
18.055632
18.589496
19.225303
19.968936
20.824906
21.795659
22.880760
24.075988
25.372389
26.755398
28.204148
29.691132
31.182414
32.638548
34.016312
35.271273
36.360988
37.248534
37.905865
38.316442
38.476671
38.395834
38.094548
37.602027
36.952673
36.182602
35.326597
34.415859
33.476647
32.529772
31.590752
30.670393
29.775608
28.910280
28.076074
27.273129
26.500609
25.757118
25.040997
24.350516
23.684004
23.039912
22.416847
21.813582
21.229045
20.662314
20.112589
19.579184
19.061509
18.559053
18.071377
17.598103
17.138910
16.693528
16.261739
15.843373
15.438316
15.046505
14.667943
14.302699
13.950920
13.612842
13.288804
12.979264
12.684821
12.406235
12.144460
11.900675
11.676324
11.473165
11.293321
11.139349
11.014307
10.921846
10.866303
10.852805
10.887390
10.977133
11.130268
11.356316
11.666183
12.072234
12.588291
13.229541
14.012279
14.953456
16.069918
17.377284
18.888363
20.611055
22.545731
24.682187
26.996411
29.447620
31.976256
34.503803
36.935351
39.165590
41.088314
42.608538
43.655241
44.191949
44.222368
43.789293
42.966893
41.848367
40.532172
39.109997
37.658543
36.235736
34.880695
33.616202
32.452322
31.390157
30.425142
29.549600
28.754577
28.031032
27.370548
26.765693
26.210164
25.698784
25.227431
24.792921
24.392893
24.025690
23.690249
23.386018
23.112870
22.871045
22.661098
22.483852
22.340363
22.231882
22.159829
22.125752
22.131289
22.178128
22.267947
22.402356
22.582819
22.810561
23.086467
23.410960
23.783870
24.204290
24.670427
25.179457
25.727390
26.308963
26.917570
27.545245
28.182725
28.819588
29.444488
30.045483
30.610448
31.127556
31.585785
31.975431
32.288566
32.519400
32.664523
32.722989
32.696240
32.587893
32.403397
32.149617
31.834379
31.466025
31.053004
30.603534
30.125346
29.625507
29.110322
28.585298
28.055169
27.523943
26.994983
26.471092
25.954607
25.447484
24.951377
24.467715
23.997758
23.542656
23.103492
22.681321
22.277206
21.892246
21.527602
21.184524
20.864371
20.568635
20.298963
20.057175
19.845288
19.665533
19.520371
19.412507
19.344902
19.320770
19.343574
19.417005
19.544941
19.731390
19.980403
20.295948
20.681751
21.141091
21.676535
22.289638
22.980577
23.747757
24.587393
25.493094
26.455505
27.462034
28.496758
29.540535
30.571411
31.565337
32.497206
33.342169
34.077119
34.682217
35.142257
35.447705
35.595264
35.587869
35.434131
35.147318
34.744025
34.242724
33.662392
33.021335
32.336315
31.621995
30.890682
30.152316
29.414632
28.683426
27.962872
27.255845
26.564216
25.889114
25.231138
24.590524
23.967279
23.361266
22.772283
22.200099
21.644492
21.105267
20.582272
20.075403
19.584615
19.109927
18.651428
18.209283
17.783745
17.375163
16.983997
16.610832
16.256397
15.921588
15.607494
15.315426
15.046950
14.803929
14.588569
14.403465
14.251659
14.136704
14.062724
14.034489
14.057477
14.137942
14.282968
14.500500
14.799347
15.189138
15.680197
16.283329
17.009475
17.869189
18.871917
20.025040
21.332645
22.794068
24.402233
26.141933
27.988256
29.905458
31.846671
33.754838
35.565219
37.209608
38.622026
39.745293
40.537414
40.976560
41.063527
40.821036
40.290004
39.523594
38.580375
37.517916
36.387844
35.232832
34.085464
32.968599
31.896667
30.877397
29.913604
29.004769
28.148327
27.340638
26.577659
25.855386
25.170115
24.518582
23.898009
23.306108
22.741053
22.201438
21.686232
21.194738
20.726561
20.281574
19.859904
19.461921
19.088232
18.739686
18.417381
18.122683
17.857243
17.623021
17.422315
17.257792
17.132514
17.049973
17.014117
17.029368
17.100635
17.233304
17.433208
17.706559
18.059841
18.499634
19.032377
19.664034
20.399659
21.242849
22.195085
23.254970
24.417398
25.672715
27.005964
28.396334
29.816963
31.235262
32.613884
33.912435
35.089875
36.107459
36.931890
37.538253
37.912253
38.051363
37.964655
37.671335
37.198280
36.577002
35.840568
35.020911
34.146821
33.242712
32.328141
31.417896
30.522490
29.648854
28.801099
27.981235
27.189796
26.426345
25.689861
24.979013
24.292357
23.628455
22.985944
22.363581
21.760247
21.174953
20.606827
20.055105
19.519109
18.998242
18.491970
17.999815
17.521342
17.056158
16.603900
16.164237
15.736866
15.321507
14.917907
14.525838
14.145097
13.775512
13.416940
13.069271
12.732436
12.406408
12.091212
11.786931
11.493715
11.211797
10.941502
10.683267
10.437663
10.205416
9.987439
9.784867
9.599100
9.431853
9.285215
9.161721
9.064433
8.997038
8.963963
8.970496
9.022937
9.128754
9.296752
9.537253
9.862257
10.285590
10.822989
11.492088
12.312261
13.304219
14.489282
15.888197
