0.890000
0.890000
0.890000
0.890000
0.890000
0.890000
1.100658
1.216270
1.279719
1.314540
1.333651
1.151368
0.817173
0.555632
0.384163
0.278092
0.260419
0.630732
0.928617
0.919939
0.795084
0.664468
0.750585
1.028859
1.115664
1.242806
1.304385
1.313666
1.265603
1.007113
0.723809
0.484018
0.343257
0.259997
0.396604
0.822248
0.973611
0.895334
0.753865
0.687596
0.926911
1.059449
1.129726
1.262279
1.306573
1.344875
1.143268
0.923316
0.656208
0.443266
0.308898
0.289830
0.566884
0.936870
0.991884
0.873831
0.732332
0.776238
1.033923
1.036191
1.122595
1.260039
1.322634
1.266775
1.066802
0.913502
0.651542
0.439907
0.310518
0.392358
0.677828
0.997889
1.022942
0.885922
0.786589
0.911879
1.082927
0.985737
1.065319
1.231158
1.314888
1.108931
1.009139
0.987438
0.740093
0.493814
0.410032
0.625314
0.770240
1.028086
1.097925
0.983623
1.008909
1.170402
1.207880
0.953636
0.906511
0.989617
0.830418
0.587117
0.663395
0.962690
1.042702
1.135655
1.221082
1.196538
1.265891
1.098715
0.920918
0.655640
0.512125
0.393374
0.394691
0.647967
0.980580
1.047180
0.978658
0.874088
0.941457
1.111555
1.000726
0.967238
1.110088
1.218909
1.019677
0.909743
1.008339
0.937218
0.685156
0.614388
0.896820
1.004995
1.011290
1.182616
1.195311
1.278019
1.185348
1.112186
0.878088
0.635810
0.469521
0.376108
0.424071
0.673637
0.989272
1.032561
0.931924
0.868515
0.951784
1.108238
1.003062
1.032685
1.178062
1.251209
1.024757
0.919550
0.953820
0.785127
0.555459
0.529861
0.838546
1.000425
1.157831
1.212373
1.121211
1.212940
1.205392
0.976007
0.679401
0.568248
0.513546
0.405840
0.514006
0.900456
1.032038
1.060783
0.986018
0.930453
1.112015
1.078938
0.944802
0.920929
1.052002
0.987593
0.796794
0.879376
1.067184
1.052917
0.935981
1.128149
1.265691
1.159858
0.938137
1.017140
0.949082
0.663956
0.486707
0.677178
0.886378
0.909102
1.121008
1.107558
1.108983
1.242283
1.298439
1.103804
0.838481
0.754104
0.578930
0.410252
0.364437
0.728982
1.049139
1.162681
1.072466
0.915817
0.986220
1.080378
0.826607
0.694941
0.857706
1.043770
0.887032
1.008810
1.182584
1.285154
1.182133
1.148105
1.200978
0.914246
0.621188
0.448814
0.478892
0.414431
0.584912
0.938230
0.973299
0.952296
0.925851
0.926401
1.118060
1.107152
1.133462
1.167802
1.232694
1.055575
0.831436
0.703461
0.592598
0.471214
0.454760
0.812584
1.085737
1.167220
1.115249
1.005543
1.109409
1.079422
0.807719
0.652359
0.716946
0.777134
0.653526
0.900813
1.108804
1.201069
1.306234
1.326064
1.351295
1.130455
0.817744
0.552124
0.369896
0.266640
0.261619
0.648139
0.938688
0.915495
0.781881
0.650191
0.756463
1.027504
1.110985
1.244372
1.296737
1.306385
1.257355
1.012142
0.726944
0.487215
0.349696
0.267203
0.399811
0.820676
0.974885
0.900730
0.762770
0.698528
0.932360
1.062098
1.126464
1.259175
1.311290
1.347768
1.137637
0.920816
0.658831
0.444218
0.307190
0.291597
0.575848
0.942758
0.996924
0.875874
0.732924
0.782505
1.036868
1.028034
1.112985
1.254642
1.321108
1.258901
1.069207
0.931740
0.668792
0.451192
0.318780
0.401001
0.662497
0.989917
1.030687
0.898253
0.801974
0.917816
1.094474
0.988806
1.050716
1.220169
1.305239
1.094838
0.984600
0.988058
0.757814
0.508779
0.428137
0.674670
0.821063
1.050137
1.122958
1.010924
1.053373
1.218767
1.203849
0.915643
0.840362
0.891335
0.705271
0.501020
0.655907
0.998592
1.166790
1.277957
1.222515
1.157520
1.224804
0.947799
0.645727
0.455362
0.435767
0.377806
0.519662
0.904704
0.970995
0.925758
0.877535
0.855406
1.074311
1.104838
1.149426
1.228269
1.314229
1.208530
0.936541
0.755442
0.575617
0.408467
0.310597
0.540743
0.929666
1.090938
1.032654
0.876143
0.841651
1.067248
0.964219
0.851325
0.997329
1.193997
1.148581
1.017782
1.169290
1.219613
0.933764
0.658273
0.730495
0.688747
0.511773
0.602296
0.951905
1.119994
1.246949
1.211193
1.129086
1.226596
1.043757
0.728311
0.515210
0.486545
0.430208
0.453126
0.835616
0.992419
0.983389
0.960116
0.903288
1.061320
1.113323
1.081763
1.087631
1.168744
1.142340
0.882669
0.773557
0.731200
0.639138
0.518644
0.740785
1.053628
1.218178
1.274581
1.206565
1.200233
1.193580
0.862604
0.577390
0.430315
0.405548
0.345476
0.605477
0.930485
0.946635
0.893862
0.823706
0.850965
1.081529
1.123004
1.197910
1.291297
1.359178
1.203510
0.925264
0.702108
0.496975
0.337776
0.265205
0.525534
0.921926
1.031328
0.931273
0.768024
0.756825
1.019474
0.998497
1.020553
1.192692
1.287970
1.272932
1.102074
1.070377
0.848059
0.576217
0.391905
0.412244
0.521815
0.782907
1.027417
0.983474
0.885364
0.912938
1.065072
1.106673
1.023627
1.133987
1.232726
1.155446
0.877596
0.848776
0.785332
0.587353
0.460924
0.706893
1.031019
1.211250
1.259038
1.145152
1.127590
1.178906
0.877178
0.588353
0.473565
0.521408
0.450263
0.652746
0.961570
0.985014
0.990897
0.981955
1.003574
1.151863
1.107543
1.089523
1.060611
1.077995
0.866695
0.710826
0.669132
0.692553
0.698199
0.861775
1.112056
1.213271
1.264781
1.308784
1.352109
1.161904
0.815676
0.563255
0.393490
0.281813
0.250660
0.623327
0.927348
0.927640
0.805778
0.667124
0.743217
1.025273
1.107916
1.232715
1.302070
1.309948
1.269493
1.016972
0.740420
0.496456
0.351340
0.264461
0.389277
0.810884
0.979316
0.907224
0.766171
0.693638
0.921654
1.056200
1.113650
1.250311
1.305751
1.346568
1.147958
0.943069
0.682609
0.460753
0.318378
0.292005
0.548581
0.927114
1.005351
0.892724
0.747801
0.778313
1.033873
1.027402
1.092937
1.243021
1.318102
1.269387
1.069943
0.953429
0.699318
0.471099
0.327879
0.400929
0.645764
0.977844
1.045184
0.919190
0.815878
0.920408
1.105640
0.987113
1.018541
1.194882
1.288168
1.082352
0.962892
1.012074
0.812913
0.551903
0.462909
0.729441
0.852083
1.026010
1.144589
1.056044
1.114741
1.258161
1.246063
0.939541
0.793101
0.769084
0.576688
0.408567
0.546930
0.937336
1.165522
1.228771
1.103097
1.001118
1.154501
0.959003
0.661329
0.549004
0.702333
0.690956
0.698725
1.003318
1.069513
1.140146
1.255011
1.272892
1.278271
1.056890
0.862095
0.617237
0.437864
0.320467
0.385647
0.733251
1.019461
1.019375
0.891994
0.787494
0.933903
1.063571
0.968609
1.055125
1.224105
1.304713
1.091964
1.040485
1.024649
0.771748
0.514746
0.443780
0.619671
0.702201
0.961481
1.080814
0.996977
1.033932
1.158105
1.253165
1.041884
0.955186
0.972966
0.810132
0.576306
0.537000
0.793507
0.931731
1.103911
1.199534
1.128326
1.208545
1.276155
1.121399
0.791613
0.628843
0.545017
0.402908
0.361634
0.722417
0.996594
1.076720
1.010201
0.881611
0.957712
1.100283
0.961145
0.886640
1.035296
1.175388
0.979158
0.930778
1.107180
1.129334
0.858986
0.780606
1.003316
0.953227
0.733669
0.860698
1.117469
1.184467
1.085828
1.224039
1.308774
1.137699
0.793694
0.694187
0.580646
0.415113
0.343507
0.705643
1.010313
1.129271
1.059013
0.903279
0.952513
1.095362
0.893369
0.762759
0.911706
1.104369
0.946083
0.973302
1.179178
1.286081
1.095779
0.985745
1.113680
0.904148
0.609612
0.486350
0.725580
0.729585
0.806682
1.056499
1.043270
1.114670
1.253441
1.318932
1.216231
1.009247
0.893021
0.646976
0.440688
0.325497
0.483177
0.790895
1.060838
1.056570
0.909034
0.846579
1.034218
1.068609
0.898902
0.976166
1.171669
1.188761
0.938161
1.020554
1.138828
0.926545
0.649719
0.735223
0.926375
0.782621
0.799572
1.060526
1.161570
1.250744
1.309397
1.358456
1.245473
0.942114
0.646551
0.448541
0.308592
0.236797
0.455151
0.869830
0.956185
0.855723
0.703991
0.672463
0.958860
1.074668
1.176268
1.286251
1.294339
1.324667
1.106818
0.853061
0.583444
0.402832
0.291521
0.308584
0.658146
0.963510
0.957477
0.830942
0.708379
0.815703
1.047217
1.066045
1.187062
1.290122
1.339742
1.227173
1.023491
0.805408
0.551456
0.375081
0.283129
0.429140
0.803867
1.021500
0.965006
0.812091
0.751617
0.961213
1.043716
1.015078
1.164717
1.282618
1.325055
1.103946
1.031086
0.864258
0.595919
0.397387
0.375353
0.559318
0.820278
1.058696
1.013397
0.881395
0.910576
1.095587
1.079924
0.952022
1.072576
1.208511
1.105216
0.847620
0.927138
0.954061
0.725085
0.569798
0.835846
1.082619
1.099854
1.226349
1.225442
1.265181
1.149727
0.911373
0.692954
0.497477
0.397794
0.340674
0.622401
0.975691
1.051243
0.975462
0.853006
0.887518
1.086314
0.977007
0.959456
1.112761
1.252470
1.105852
0.996940
1.081288
0.982075
0.695632
0.535228
0.714599
0.762520
0.775491
1.040552
1.092767
1.154330
1.277531
1.341600
1.281964
1.001647
0.808297
0.574139
0.387376
0.274700
0.413099
0.817201
1.041839
0.991511
0.830551
0.740651
0.959162
1.019694
0.956623
1.108654
1.250920
1.308416
1.115141
1.113703
1.013589
0.715238
0.474675
0.419564
0.503421
0.579074
0.919363
1.019601
0.938767
0.940327
0.993365
1.155236
1.081674
1.085308
1.159393
1.146953
0.941774
0.753436
0.743132
0.640579
0.543756
0.652539
0.994449
1.186079
1.259334
1.212737
1.177138
1.237778
0.949160
0.640537
0.468304
0.426796
0.360724
0.496924
0.890416
0.968601
0.927682
0.864989
0.829522
1.056245
1.108805
1.147716
1.233038
1.323988
1.248464
0.963924
0.768628
0.582299
0.407697
0.296607
0.477853
0.884839
1.073183
1.024867
0.866706
0.798525
1.029261
0.991577
0.885182
1.026416
1.212705
1.226842
1.051305
1.153888
1.170956
0.874004
0.588505
0.591387
0.608323
0.496434
0.683531
0.977036
1.041743
1.127260
1.107886
1.105332
1.195920
1.081728
0.884650
0.722039
0.692028
0.556149
0.528609
0.770272
1.063896
1.199983
1.214558
1.137751
1.187898
1.164859
0.853643
0.599905
0.511518
0.490990
0.408319
0.670072
0.972450
1.017450
1.014958
0.952812
0.981681
1.133327
1.059674
1.000773
1.023579
1.107203
0.907643
0.780857
0.835818
0.906464
0.810250
0.864148
1.118393
1.264321
1.309929
1.345395
1.387399
1.184762
0.800117
0.519753
0.353616
0.244693
0.214657
0.595109
0.886862
0.867548
0.737764
0.598490
0.673405
0.996322
1.157190
1.280555
1.285542
1.246049
1.272434
0.995248
0.673272
0.451601
0.354134
0.284825
0.401886
0.831764
0.942413
0.869191
0.761587
0.701048
0.944393
1.093719
1.191171
1.300642
1.335835
1.357439
1.114276
0.829430
0.563226
0.376658
0.263188
0.275213
0.655095
0.949897
0.929944
0.790189
0.657900
0.772097
1.030400
1.091847
1.226869
1.290590
1.311948
1.249574
1.024700
0.756956
0.510422
0.362037
0.274875
0.401117
0.807429
0.989013
0.924150
0.783368
0.716308
0.934425
1.056102
1.091264
1.231086
1.306336
1.346910
1.135330
0.957888
0.716484
0.484560
0.329698
0.306655
0.556385
0.927894
1.030408
0.921134
0.773581
0.806468
1.049985
1.008009
1.037125
1.206082
1.307985
1.240704
1.054683
1.022072
0.798393
0.538437
0.373467
0.462987
0.629479
0.908574
1.070815
0.980699
0.898587
0.994417
1.167572
1.044519
0.964424
1.103068
1.152438
0.928297
0.755994
0.904590
0.884866
0.693871
0.745210
1.048153
1.212401
1.241539
1.318066
1.324471
1.266557
0.906192
0.624785
0.428737
0.305955
0.236212
0.466376
0.872806
0.940457
0.836754
0.695146
0.664711
0.961701
1.088488
1.203959
1.299187
1.294424
1.322241
1.094612
0.814546
0.547740
0.380431
0.279727
0.308778
0.691970
0.959470
0.929787
0.801202
0.686248
0.821382
1.048626
1.098826
1.228865
1.302826
1.340886
1.221245
0.992075
0.734039
0.494512
0.341956
0.267106
0.445052
0.853032
0.999824
0.914211
0.762979
0.722060
0.970268
1.043054
1.085048
1.233334
1.302869
1.329446
1.115933
0.969218
0.722016
0.488794
0.333517
0.332705
0.568578
0.929449
1.034845
0.926754
0.789703
0.836247
1.067811
1.012023
1.030498
1.199966
1.308831
1.210559
1.020278
1.007606
0.800743
0.540773
0.383461
0.522383
0.706824
0.957628
1.099813
1.000437
0.941202
1.079059
1.212571
1.006260
0.903615
1.030981
1.001349
0.739143
0.670787
0.936730
1.014320
0.933582
1.113686
1.198852
1.280272
1.139772
1.144827
1.042013
0.755645
0.524778
0.434676
0.475379
0.509134
0.865365
1.030097
0.976235
0.951997
0.953538
1.111846
1.085043
1.034810
1.092440
1.134951
1.028854
0.807451
0.816339
0.781656
0.679024
0.644773
0.944863
1.170271
1.293476
1.337780
1.304989
1.332586
1.047836
0.691677
0.447207
0.314725
0.241634
0.302028
0.757656
0.907291
0.828344
0.701069
0.606161
0.822328
1.070720
1.210975
1.304275
1.285176
1.305192
1.191030
0.867009
0.572954
0.393295
0.304902
0.262898
0.562366
0.906659
0.916122
0.811237
0.689709
0.725973
1.014991
1.122827
1.245263
1.317522
1.324036
1.297599
1.023202
0.727161
0.482403
0.335095
0.247599
0.357970
0.794056
0.958794
0.882044
0.738438
0.655065
0.883986
1.059447
1.148115
1.274001
1.297503
1.337178
1.170675
0.919526
0.638953
0.432995
0.310548
0.274014
0.540226
0.918540
0.969317
0.858734
0.719920
0.744815
1.016965
1.063735
1.163298
1.281500
1.322132
1.293830
1.066925
0.851750
0.590047
0.401239
0.284615
0.356673
0.711035
0.995670
0.978261
0.835052
0.728652
0.877679
1.053728
1.023278
1.149888
1.273159
1.340130
1.169737
1.037480
0.879374
0.613042
0.410612
0.327895
0.486110
0.769152
1.037939
1.016089
0.871241
0.840026
1.016477
1.081783
0.964516
1.076298
1.236483
1.242182
0.974116
0.974644
0.970942
0.720151
0.495072
0.575971
0.850690
0.925008
1.123677
1.140986
1.074354
1.210352
1.270219
1.094019
0.800989
0.728975
0.620696
0.448842
0.400755
0.768640
1.059542
1.184533
1.120335
0.975953
1.050603
1.093148
0.818787
0.640949
0.733460
0.878265
0.737677
0.922265
1.116937
1.203905
1.297002
1.354389
1.377629
1.120267
0.808639
0.545810
0.365360
0.251063
0.254614
0.657514
0.938457
0.912521
0.769759
0.631848
0.750672
1.024291
1.112184
1.246922
1.287505
1.292088
1.253288
1.011447
0.723824
0.487162
0.357253
0.275701
0.405758
0.824612
0.975435
0.904845
0.772774
0.710480
0.942319
1.065659
1.125811
1.257218
1.316678
1.349121
1.127909
0.912930
0.656668
0.442116
0.303779
0.295680
0.593638
0.953193
1.001166
0.875390
0.732219
0.793473
1.041210
1.018404
1.105108
1.250200
1.320581
1.245570
1.071045
0.949352
0.684348
0.461155
0.327738
0.413749
0.648722
0.980092
1.036016
0.908668
0.819194
0.927189
1.107105
0.996559
1.041691
1.210569
1.292755
1.076708
0.952612
0.974469
0.764002
0.518145
0.447934
0.732189
0.895461
1.095107
1.154094
1.039809
1.101415
1.241358
1.133965
0.827821
0.744989
0.770844
0.589119
0.463172
0.755321
1.055882
1.227375
1.269146
1.149267
1.154169
1.158123
0.839318
0.559600
0.451964
0.488962
0.425712
0.688224
0.964453
0.964617
0.958147
0.933004
0.985729
1.136363
1.119323
1.140777
1.161577
1.190271
0.947354
0.759398
0.646936
0.562666
0.472408
0.590744
0.957517
1.135181
1.160236
1.098775
1.051448
1.182762
0.976277
0.732160
0.631515
0.691983
0.616283
0.638240
0.972485
1.120894
1.199481
1.251225
1.217374
1.271878
1.028094
0.756559
0.534364
0.418758
0.334489
0.402234
0.813904
1.004629
0.967729
0.868431
0.783962
0.974867
1.063978
1.046574
1.152831
1.281028
1.316634
1.076467
0.959527
0.810977
0.574473
0.386430
0.389921
0.659174
0.963950
1.123197
1.034977
0.893121
0.966110
1.142927
0.947063
0.815840
0.978348
1.124280
0.931734
0.868646
1.108279
1.207963
0.981090
0.913207
1.135942
1.063177
0.751354
0.701307
0.981945
0.916704
0.729424
0.972602
1.134920
1.221609
1.145717
1.265646
1.307504
1.041472
0.721331
0.590157
0.463623
0.332464
0.375536
0.797193
1.001107
1.023928
0.912192
0.793890
0.964916
1.080834
0.994385
1.046297
1.213538
1.285692
1.051254
0.968469
0.973985
0.759724
0.514269
0.483854
0.745217
0.890483
1.094180
1.150169
1.050286
1.131296
1.260140
1.147328
0.838217
0.749464
0.729551
0.543619
0.424944
0.719658
1.039014
1.212161
1.226938
1.089818
1.089925
1.147317
0.851172
0.586001
0.523987
0.630239
0.545186
0.748400
1.009318
1.031472
1.093696
1.127989
1.165506
1.191055
1.053508
0.925696
0.749593
0.641660
0.494967
0.534653
0.760691
1.053444
1.184609
1.150076
1.078951
1.163377
1.172318
0.867308
0.649030
0.628944
0.606997
0.479398
0.693228
1.001855
1.108691
1.171501
1.121654
1.111359
1.185572
0.982998
0.748531
0.611473
0.621496
0.515110
0.593498
0.941293
1.100393
1.154874
1.144239
1.101556
1.214886
1.033813
0.798542
0.632298
0.607225
0.523767
0.521765
0.864608
1.082691
1.140565
1.142037
1.071786
1.181184
1.083598
0.843106
0.668485
0.643913
0.609509
0.531037
0.813698
1.075123
1.161739
1.210586
1.156615
1.212259
1.140944
0.861923
0.630045
0.510866
0.466145
0.398765
0.683626
0.994278
1.042125
1.015279
0.933470
0.979465
1.118417
1.003248
0.947102
1.015933
1.118517
0.919992
0.854052
0.981028
1.036884
0.871752
0.881870
1.118406
1.185306
1.051021
1.091847
1.243432
1.096662
0.778243
0.683837
0.743458
0.580996
0.476958
0.810768
1.057108
1.210246
1.251132
1.138011
1.180644
1.146152
0.847468
0.576226
0.476014
0.487972
0.422926
0.689713
0.973817
0.988107
0.984606
0.940937
0.992437
1.134732
1.088710
1.076926
1.101686
1.147181
0.917659
0.767457
0.727179
0.702421
0.607956
0.722207
1.037944
1.206374
1.286491
1.286780
1.268347
1.250499
0.910933
0.606507
0.414876
0.326766
0.264656
0.484175
0.877491
0.924700
0.832911
0.717809
0.699162
0.985473
1.113295
1.229465
1.318229
1.327306
1.329501
1.062382
0.763544
0.507422
0.346006
0.249825
0.312941
0.740207
0.953592
0.894208
0.751682
0.644797
0.830719
1.049079
1.134346
1.264862
1.294664
1.325426
1.206870
0.955587
0.670509
0.452399
0.326643
0.267364
0.479950
0.885253
0.972531
0.875668
0.735688
0.720511
0.989956
1.064666
1.150285
1.275697
1.317455
1.322174
1.091513
0.875051
0.612152
0.414659
0.289825
0.326220
0.662494
0.979333
0.984384
0.847709
0.723848
0.837387
1.051052
1.025700
1.139847
1.267941
1.335128
1.204869
1.048338
0.894329
0.627762
0.422172
0.317795
0.448983
0.731276
1.022025
1.018705
0.875498
0.816449
0.974390
1.086763
0.975563
1.074410
1.237178
1.283090
1.028170
0.982813
0.970377
0.721269
0.486148
0.488605
0.757792
0.873333
1.095212
1.123364
1.023311
1.129333
1.264911
1.151139
0.859742
0.810959
0.783961
0.573435
0.436038
0.713766
1.042210
1.222303
1.260471
1.124918
1.111266
1.159734
0.850238
0.568954
0.474285
0.554850
0.484641
0.708220
0.980923
0.986283
1.010274
1.022932
1.066230
1.166840
1.104045
1.071920
0.992300
0.947170
0.732490
0.636850
0.641575
0.755443
0.912427
1.126081
1.207548
1.229265
1.282536
1.337674
1.130713
0.791006
0.566656
0.418941
0.299422
0.279110
0.675866
0.951096
0.956837
0.841240
0.705217
0.807377
1.049705
1.081935
1.190160
1.292771
1.335356
1.228401
1.001466
0.780737
0.536100
0.367506
0.279047
0.444337
0.838083
1.027505
0.958342
0.803802
0.749205
0.979144
1.029902
1.011520
1.169005
1.282821
1.314450
1.101783
1.048072
0.870166
0.597449
0.399169
0.387324
0.545303
0.793984
1.044978
1.006970
0.884912
0.912711
1.082002
1.098506
0.978846
1.090490
1.213778
1.123058
0.851700
0.886257
0.890975
0.677387
0.533026
0.793390
1.075280
1.177195
1.279990
1.223080
1.236312
1.169280
0.866995
0.594038
0.429729
0.378915
0.327809
0.620778
0.948371
0.963020
0.890334
0.796884
0.842551
1.070428
1.086292
1.167664
1.281861
1.353587
1.208629
0.970242
0.774182
0.550615
0.370481
0.282982
0.494057
0.885434
1.060569
0.984538
0.819220
0.781798
1.023464
0.995084
0.938197
1.110180
1.257058
1.258434
1.073675
1.131950
1.032064
0.723151
0.483587
0.495602
0.551233
0.571164
0.905514
1.016110
0.976699
1.022796
1.052200
1.185663
1.111697
1.078490
1.044307
0.952956
0.775189
0.621284
0.644337
0.682759
0.834539
1.071244
1.179562
1.210463
1.251014
1.322986
1.227746
0.885897
0.641326
0.475225
0.347109
0.269307
0.536666
0.917409
0.993991
0.909248
0.765100
0.753489
1.022777
1.048755
1.100253
1.242740
1.313445
1.282715
1.063084
0.918881
0.680307
0.460995
0.320976
0.389089
0.685324
1.006790
1.049261
0.915062
0.802780
0.925146
1.086593
0.952363
1.001073
1.188249
1.286039
1.077109
1.018348
1.084792
0.868732
0.585235
0.490867
0.695341
0.711489
0.855468
1.073190
1.042272
1.111298
1.235330
1.313928
1.164249
0.975105
0.872522
0.647970
0.447894
0.352131
0.569477
0.876888
1.109120
1.088491
0.938399
0.918486
1.119489
1.021447
0.813373
0.881304
1.080894
0.998061
0.822433
1.042206
1.218435
1.117303
0.938179
1.125794
1.163275
0.851674
0.626512
0.805581
0.836199
0.629949
0.784826
1.037800
1.176077
1.277177
1.316811
1.310063
1.236542
0.947625
0.640461
0.425264
0.312657
0.252111
0.450943
0.865668
0.937590
0.837047
0.704463
0.677938
0.960274
1.091429
1.207897
1.303380
1.308034
1.332315
1.097928
0.811195
0.543736
0.373621
0.270785
0.298282
0.686311
0.953765
0.922075
0.789325
0.670987
0.805749
1.044083
1.106698
1.238549
1.300925
1.331643
1.230219
0.992561
0.722893
0.485936
0.340653
0.264977
0.435438
0.849115
0.989147
0.904261
0.757011
0.712108
0.961553
1.051027
1.106753
1.247874
1.306537
1.335381
1.120401
0.942148
0.685863
0.463861
0.318874
0.317248
0.581423
0.945441
1.018311
0.900835
0.762450
0.817074
1.055779
1.012705
1.068501
1.228986
1.320081
1.228140
1.048553
0.981569
0.737853
0.495161
0.350891
0.462149
0.667515
0.975137
1.069125
0.950434
0.873652
0.993352
1.151434
0.988346
0.970400
1.139486
1.189653
0.937062
0.844107
0.993658
0.887517
0.650926
0.695172
1.017696
1.112556
1.121945
1.241512
1.244009
1.257776
0.973800
0.813649
0.600822
0.447141
0.337700
0.474133
0.871897
1.085112
1.053540
0.924148
0.843504
1.051224
1.000146
0.856570
0.941529
1.147156
1.159149
0.982055
1.124177
1.231506
1.027064
0.726341
0.781811
0.795702
0.592581
0.545593
0.901285
1.121800
1.265262
1.293704
1.190667
1.256878
1.087626
0.744855
0.490127
0.390292
0.352775
0.356923
0.755274
0.944562
0.898500
0.832315
0.758849
0.911662
1.096406
1.170934
1.274511
1.348446
1.379939
1.141937
0.855396
0.597407
0.398607
0.269572
0.254599
0.611868
0.944133
0.952699
0.814055
0.665517
0.743219
1.017689
1.064722
1.194164
1.280551
1.299252
1.267813
1.063766
0.822369
0.559704
0.394154
0.290961
0.371685
0.735987
0.990274
0.959684
0.825142
0.734974
0.897080
1.060533
1.054719
1.182859
1.291946
1.349524
1.155623
0.994755
0.800907
0.550691
0.369404
0.311419
0.521505
0.871198
1.057527
0.981875
0.826618
0.822425
1.049063
1.019439
0.956473
1.121224
1.266836
1.229719
1.011753
1.065247
0.970288
0.680014
0.464563
0.558471
0.699456
0.759820
1.035284
1.060972
1.018547
1.140597
1.249242
1.235354
1.002012
0.955597
0.836265
0.609706
0.428868
0.525951
0.800148
1.025824
1.174980
1.095938
1.005935
1.145972
1.187459
0.892635
0.703404
0.780082
0.757928
0.568218
0.703598
1.021356
1.190904
1.304321
1.290549
1.240756
1.245176
0.938776
0.620592
0.414306
0.339073
0.281996
0.466300
0.870364
0.924670
0.837035
0.735289
0.711049
0.984697
1.114512
1.229650
1.321512
1.340891
1.339076
1.065827
0.764481
0.507568
0.342093
0.243519
0.303930
0.733179
0.950190
0.890717
0.744730
0.634081
0.817706
1.045709
1.136674
1.266609
1.289364
1.315994
1.212890
0.958715
0.669725
0.452939
0.331468
0.269358
0.473099
0.880620
0.969639
0.876723
0.740051
0.719878
0.987432
1.069021
1.154272
1.278193
1.320208
1.325955
1.090833
0.867286
0.605562
0.409568
0.286046
0.322198
0.667746
0.979489
0.979402
0.841126
0.716468
0.834063
1.048259
1.029605
1.148812
1.271018
1.334548
1.208201
1.049699
0.882753
0.615833
0.415433
0.313206
0.441227
0.735583
1.020495
1.009896
0.866047
0.805377
0.966064
1.080255
0.983445
1.091686
1.248461
1.297504
1.048173
0.992542
0.949778
0.693715
0.464667
0.454574
0.709875
0.858541
1.095316
1.103467
0.989503
1.077254
1.235994
1.132373
0.865834
0.861522
0.891376
0.676752
0.510008
0.766422
1.065138
1.187333
1.285566
1.213185
1.212884
1.179937
0.867426
0.588998
0.428281
0.396548
0.340643
0.616184
0.943628
0.956712
0.894671
0.815656
0.853185
1.078069
1.100578
1.178612
1.282822
1.354480
1.197904
0.945954
0.741537
0.528741
0.357844
0.279429
0.521166
0.914946
1.056710
0.967754
0.802548
0.782772
1.032314
0.983797
0.954307
1.134432
1.268212
1.248721
1.083909
1.134194
0.992141
0.685204
0.461650
0.483567
0.528546
0.595019
0.938827
1.009431
0.961509
0.996500
1.034271
1.177536
1.093085
1.090472
1.087558
1.023756
0.818293
0.672112
0.674427
0.652635
0.708362
0.940525
1.136232
1.220378
1.256560
1.285783
1.333158
1.069744
0.753209
0.527279
0.385936
0.282246
0.312941
0.744022
0.960541
0.928246
0.804312
0.686960
0.855611
1.059490
1.109535
1.234265
1.306488
1.346598
1.192153
0.958222
0.706392
0.476760
0.329936
0.271082
0.497868
0.897046
1.006089
0.904882
0.752729
0.742908
1.005363
1.030172
1.082942
1.235033
1.305866
1.302432
1.096900
0.974587
0.722943
0.488909
0.335094
0.364084
0.588678
0.937996
1.039925
0.929083
0.806627
0.871467
1.088609
1.011926
1.024598
1.194667
1.303167
1.163478
0.981292
0.993905
0.801603
0.543589
0.404739
0.609863
0.799955
1.015671
1.133344
1.026874
1.008475
1.177561
1.221962
0.941477
0.822053
0.912677
0.785240
0.556322
0.637942
0.984143
1.161816
1.259596
1.266923
1.194536
1.254096
0.973289
0.676791
0.460688
0.390882
0.331195
0.452357
0.867568
0.968120
0.902769
0.821890
0.774356
1.009276
1.089805
1.154408
1.265479
1.343436
1.322512
1.050141
0.826941
0.593155
0.399406
0.275112
0.348720
0.743230
1.012095
0.989208
0.835758
0.716682
0.886387
1.038208
0.989767
1.124203
1.256078
1.327598
1.165434
1.084738
0.957656
0.673767
0.451416
0.358265
0.464145
0.641226
0.973240
1.023828
0.906325
0.867489
0.966164
1.131200
1.027770
1.076109
1.217181
1.254514
1.009974
0.869445
0.864947
0.676502
0.479458
0.496610
0.861126
1.095475
1.237471
1.183318
1.057546
1.171215
1.084743
0.766595
0.551248
0.572617
0.591009
0.521142
0.836301
1.020021
1.048533
1.117997
1.095743
1.180305
1.152498
1.021300
0.856089
0.727864
0.644614
0.513908
0.595803
0.874467
1.123202
1.224884
1.176969
1.131910
1.237658
1.082263
0.757083
0.558561
0.523546
0.458406
0.420633
0.792578
0.997252
1.025851
1.011957
0.930247
1.044069
1.121290
1.035424
0.975465
1.041716
1.080974
0.848333
0.784014
0.886688
0.938629
0.811853
0.960712
1.177230
1.288349
1.268858
1.315487
1.342476
1.036871
0.682692
0.462623
0.341583
0.247402
0.312449
0.768564
0.915165
0.857273
0.729189
0.626794
0.844948
1.078465
1.200114
1.304031
1.302453
1.326324
1.181249
0.864215
0.576716
0.390289
0.291619
0.255663
0.570751
0.913194
0.920325
0.805367
0.675855
0.721489
1.012141
1.113119
1.239346
1.308872
1.312153
1.292277
1.032189
0.740880
0.493350
0.346456
0.257388
0.358771
0.786798
0.964531
0.895128
0.755268
0.670323
0.887250
1.059027
1.134472
1.264844
1.303664
1.344158
1.170464
0.931554
0.657488
0.443520
0.312531
0.274108
0.531794
0.916569
0.981033
0.869950
0.726528
0.745994
1.015630
1.051107
1.140887
1.269733
1.318249
1.294271
1.076955
0.888081
0.624720
0.423748
0.297693
0.358486
0.676339
0.991276
1.000611
0.862733
0.751135
0.874737
1.063850
1.005944
1.109193
1.255221
1.333851
1.164053
1.036680
0.936699
0.672682
0.448269
0.350185
0.512490
0.734586
1.028966
1.052525
0.916684
0.887626
1.044186
1.128471
0.955142
1.005578
1.170361
1.151980
0.872903
0.881219
1.004129
0.831036
0.620235
0.785691
1.073425
1.095838
1.154447
1.241481
1.268498
1.194040
0.919014
0.774565
0.560365
0.421232
0.331803
0.580607
0.954233
1.101440
1.036383
0.895120
0.879290
1.089098
0.943879
0.834712
0.971271
1.167646
1.078263
0.990488
1.169564
1.243097
0.985513
0.743329
0.868860
0.778198
0.553639
0.561207
0.930941
1.154709
1.270191
1.271679
1.163716
1.245537
1.023305
0.697414
0.468096
0.404268
0.370467
0.419292
0.832161
0.959093
0.904069
0.852280
0.798684
0.997954
1.107973
1.169503
1.264452
1.343612
1.333001
1.043845
0.798172
0.570906
0.388234
0.267883
0.340681
0.758829
1.004858
0.971488
0.818448
0.698744
0.881923
1.035722
1.014655
1.156399
1.267192
1.330017
1.174921
1.068195
0.894676
0.619595
0.419469
0.335893
0.453675
0.711394
1.007876
1.006710
0.874326
0.832160
0.971354
1.099573
1.006809
1.103333
1.250855
1.287769
1.027577
0.939176
0.889011
0.653765
0.444784
0.460574
0.778536
0.992253
1.173648
1.121929
0.992460
1.105238
1.190806
0.928443
0.700986
0.759647
0.809505
0.619888
0.683293
1.007163
1.172303
1.293068
1.321560
1.270550
1.276181
0.979547
0.653641
0.427843
0.322587
0.258501
0.400304
0.833504
0.925223
0.833912
0.715096
0.661778
0.926517
1.096088
1.217893
1.311383
1.312616
1.343657
1.121999
0.812877
0.539643
0.367578
0.267519
0.273444
0.656501
0.935514
0.907197
0.777372
0.653263
0.767471
1.034672
1.125414
1.255415
1.302427
1.315016
1.252214
0.991289
0.701355
0.468973
0.335969
0.258935
0.415875
0.840861
0.968033
0.883129
0.742919
0.689547
0.942865
1.065265
1.146960
1.273535
1.309635
1.342244
1.128950
0.896005
0.626965
0.424180
0.297233
0.293187
0.601821
0.950824
0.978772
0.853234
0.716811
0.785848
1.037959
1.044056
1.149743
1.272878
1.327092
1.253301
1.056955
0.874805
0.610890
0.414156
0.298873
0.398692
0.718964
1.009639
1.000989
0.857096
0.769424
0.922010
1.068018
0.994987
1.108049
1.256669
1.326529
1.112444
1.023504
0.939247
0.674241
0.447964
0.384842
0.584008
0.776921
1.051835
1.065121
0.935084
0.953774
1.122277
1.140984
0.933236
0.972785
1.104420
0.984691
0.722102
0.815770
1.010450
0.907571
0.833731
1.075183
1.221871
1.207316
1.154966
1.275601
1.194947
0.856506
0.586545
0.522236
0.420194
0.329675
0.606279
0.930343
0.998152
0.974299
0.859300
0.865132
1.089901
1.090830
1.059991
1.161089
1.283454
1.145898
0.902252
0.825153
0.724658
0.521587
0.405700
0.671675
1.007038
1.199446
1.205834
1.057916
1.048165
1.159246
0.885128
0.617449
0.578136
0.723061
0.625964
0.747986
1.023545
1.075075
1.176681
1.247969
1.259464
1.234866
1.024829
0.806938
0.570078
0.426286
0.326963
0.439602
0.811764
1.033550
1.004024
0.880368
0.809830
0.999515
1.051996
0.974931
1.080602
1.239775
1.271846
1.035117
1.020782
0.978511
0.721479
0.486351
0.504105
0.707741
0.807802
1.056534
1.101672
1.021295
1.117190
1.255006
1.214625
0.936007
0.872885
0.822944
0.610247
0.433064
0.600172
0.947225
1.152138
1.244923
1.134776
1.058058
1.191837
0.990357
0.678085
0.529443
0.614998
0.563831
0.583758
0.933649
1.029831
1.074266
1.133422
1.108604
1.217900
1.110255
0.975082
0.788872
0.683734
0.561954
0.493884
0.654170
0.968699
1.156345
1.194350
1.111899
1.117017
1.222339
0.974564
0.695455
0.587459
0.599563
0.494895
0.552357
0.924170
1.060545
1.116681
1.108635
1.047450
1.181655
1.071701
0.876977
0.723741
0.729393
0.654578
0.581359
0.822234
1.093443
1.223176
1.290136
1.239903
1.279579
1.164869
0.824842
0.550411
0.400772
0.331889
0.291443
0.632122
0.928390
0.921664
0.833433
0.725875
0.794135
1.052572
1.130633
1.241602
1.325964
1.358281
1.254013
0.970244
0.696680
0.465619
0.316346
0.239234
0.428849
0.856097
0.975145
0.875853
0.719720
0.672172
0.943562
1.051236
1.137881
1.266999
1.290273
1.328762
1.135752
0.920881
0.645447
0.441860
0.314323
0.304301
0.576740
0.939994
0.988057
0.874507
0.742018
0.792674
1.043266
1.044798
1.130128
1.265268
1.331960
1.255905
1.047210
0.887825
0.632168
0.425331
0.303095
0.410382
0.726275
1.021292
1.021421
0.874702
0.784681
0.941267
1.070652
0.964130
1.064438
1.232349
1.305097
1.079951
1.033552
1.017983
0.755310
0.502687
0.445152
0.640920
0.720596
0.981995
1.081081
0.991478
1.043195
1.177009
1.252864
1.026312
0.954671
0.969808
0.785523
0.551212
0.542158
0.809425
0.938740
1.118596
1.189471
1.113548
1.208625
1.268449
1.095969
0.774477
0.639379
0.557977
0.412410
0.383617
0.761307
1.017866
1.100616
1.032559
0.905870
1.002256
1.099293
0.921765
0.824955
0.968709
1.096244
0.896833
0.926509
1.144463
1.231286
1.018506
1.015671
1.176835
1.009151
0.695451
0.627112
0.835489
0.716680
0.651318
0.964810
1.084255
1.225061
1.317297
1.299583
1.320562
1.100209
0.803836
0.531707
0.365212
0.270640
0.301612
0.686014
0.945946
0.907746
0.778413
0.667590
0.803779
1.047283
1.126377
1.255857
1.306938
1.333692
1.231345
0.973046
0.690720
0.462270
0.326037
0.255926
0.445197
0.863100
0.973441
0.878991
0.733015
0.697017
0.962908
1.060136
1.143398
1.271300
1.306747
1.332836
1.116681
0.898089
0.629672
0.427628
0.299756
0.308137
0.615215
0.958905
0.985980
0.859613
0.727764
0.806566
1.046645
1.035631
1.136599
1.267442
1.331696
1.235747
1.050284
0.890945
0.628327
0.423432
0.307817
0.422429
0.722914
1.017894
1.017118
0.872643
0.794148
0.948589
1.077824
0.975508
1.075999
1.239136
1.304025
1.068627
1.010555
0.983849
0.726235
0.484534
0.443756
0.672055
0.791038
1.044167
1.096908
0.990950
1.055820
1.212551
1.209730
0.944934
0.902404
0.932884
0.731503
0.514825
0.636557
0.952863
1.080685
1.221097
1.207405
1.148259
1.242353
1.070729
0.791370
0.557137
0.501195
0.419113
0.428652
0.780336
1.001150
1.014167
0.974475
0.896925
1.023626
1.108245
1.034818
1.020590
1.126869
1.162276
0.915112
0.835417
0.876098
0.805113
0.624615
0.745459
1.045359
1.209996
1.299877
1.323456
1.302322
1.258895
0.907498
0.602124
0.398004
0.297848
0.238169
0.470236
0.868743
0.910330
0.803489
0.675518
0.657593
0.959304
1.112648
1.242840
1.311603
1.291740
1.321090
1.078961
0.763387
0.504094
0.355311
0.267284
0.308307
0.726899
0.943411
0.891012
0.764224
0.658975
0.827216
1.056477
1.148705
1.273407
1.309724
1.336944
1.211144
0.937709
0.650855
0.435564
0.310533
0.253824
0.487177
0.889731
0.959636
0.853463
0.710405
0.701843
0.983782
1.071421
1.175848
1.287083
1.308286
1.319805
1.092947
0.848626
0.581032
0.398043
0.283779
0.319910
0.675810
0.971792
0.959270
0.825017
0.706349
0.829801
1.048531
1.058684
1.184435
1.286991
1.340052
1.214409
1.025493
0.813960
0.557956
0.379252
0.290135
0.439899
0.802522
1.025422
0.971957
0.820030
0.765966
0.971803
1.046936
1.006159
1.153505
1.279894
1.317273
1.087009
1.028206
0.881068
0.610974
0.406908
0.396210
0.590068
0.824346
1.067556
1.028483
0.901790
0.947890
1.127801
1.090546
0.934913
1.039007
1.159663
1.015123
0.770247
0.891737
0.982695
0.791801
0.703904
0.992963
1.188038
1.157475
1.230702
1.296121
1.308943
0.984452
0.706267
0.559482
0.400897
0.289533
0.394466
0.837494
1.019833
0.982253
0.841917
0.738599
0.965282
1.041737
0.999434
1.131568
1.264651
1.312474
1.101346
1.041240
0.916452
0.645193
0.431485
0.400319
0.569106
0.774044
1.048663
1.043960
0.924209
0.950353
1.109172
1.129405
0.951913
1.014548
1.131226
1.018288
0.755012
0.828525
0.963213
0.825192
0.740773
1.007735
1.195680
1.223578
1.261521
1.331976
1.318018
0.980378
0.663018
0.489383
0.345400
0.248581
0.374960
0.821329
0.956331
0.892022
0.748837
0.661011
0.915056
1.076219
1.151416
1.274567
1.302105
1.339226
1.137003
0.884858
0.619754
0.420814
0.300645
0.285702
0.605741
0.950926
0.974075
0.851556
0.714548
0.781496
1.035671
1.048235
1.156675
1.276481
1.326526
1.255728
1.057072
0.864341
0.600811
0.408036
0.295121
0.393618
0.724556
1.008369
0.993213
0.848762
0.760662
0.917139
1.063760
1.002679
1.122583
1.263844
1.331923
1.122970
1.026286
0.918400
0.651896
0.433214
0.369315
0.560895
0.781699
1.054298
1.050871
0.914899
0.923669
1.097323
1.116529
0.933264
1.002161
1.151182
1.060941
0.792409
0.876021
1.017017
0.850013
0.700209
0.953310
1.170026
1.133907
1.156734
1.267103
1.315462
1.030858
0.745012
0.656092
0.488622
0.346746
0.378863
0.811672
1.056576
1.088086
0.964498
0.827614
0.992444
1.042679
0.862186
0.873611
1.091269
1.196640
1.001000
1.090166
1.240955
1.142834
0.808309
0.749396
0.817650
0.623819
0.476162
0.759254
1.050119
1.225458
1.291007
1.181369
1.175481
1.174894
0.852039
0.561186
0.427361
0.439954
0.382765
0.643263
0.943294
0.942858
0.909488
0.865012
0.908314
1.108400
1.135221
1.200413
1.270619
1.328561
1.115132
0.854068
0.652069
0.477221
0.337472
0.312949
0.673944
0.997177
1.044582
0.931395
0.784237
0.866949
1.057403
0.955330
0.990420
1.175944
1.293156
1.151535
1.074405
1.118633
0.908799
0.613154
0.455959
0.554206
0.568973
0.715267
1.007513
1.008226
1.006575
1.066168
1.134468
1.188584
1.061320
1.040067
0.946750
0.806070
0.600908
0.594069
0.688737
0.834851
1.075359
1.191295
1.171471
1.219200
1.306649
1.211286
0.863295
0.645546
0.513275
0.381502
0.296500
0.578721
0.938822
1.028923
0.962284
0.820691
0.815487
1.057888
1.022027
1.007966
1.159344
1.286486
1.207158
1.018471
1.010167
0.861512
0.596054
0.420059
0.538530
0.727041
0.927935
1.118092
1.050515
0.990660
1.120648
1.248291
1.039181
0.855896
0.917330
0.861113
0.625235
0.551292
0.873056
1.097096
1.191223
1.274299
1.194612
1.258879
1.112843
0.823282
0.562050
0.431368
0.374659
0.351955
0.704560
0.974374
0.964274
0.894464
0.801576
0.903906
1.082890
1.079608
1.158947
1.276394
1.343463
1.133110
0.934382
0.765264
0.551715
0.372957
0.323302
0.604900
0.961831
1.101417
1.008738
0.846638
0.874896
1.086760
0.936914
0.852471
1.039560
1.216164
1.103736
1.015676
1.183915
1.185671
0.868297
0.641492
0.769454
0.691781
0.516920
0.694824
0.994591
1.157807
1.274519
1.225734
1.180644
1.227710
0.983561
0.665648
0.467403
0.426957
0.359205
0.470473
0.872259
0.966852
0.925579
0.861085
0.820803
1.039622
1.107837
1.150695
1.237526
1.327465
1.276548
0.988314
0.780140
0.584855
0.406835
0.289555
0.432945
0.847097
1.056209
1.015794
0.859216
0.770329
0.992121
1.010917
0.916687
1.054158
1.226526
1.274215
1.081234
1.133477
1.113556
0.815238
0.541504
0.502427
0.559146
0.515336
0.781991
1.003987
0.994777
1.038558
1.047528
1.128596
1.159299
1.084711
1.018339
0.921368
0.828539
0.632510
0.607354
0.686095
0.891938
1.106040
1.221930
1.213636
1.237777
1.315440
1.148050
0.797594
0.571494
0.445169
0.334059
0.295834
0.664789
0.946636
0.968503
0.878099
0.749971
0.828228
1.064330
1.084850
1.163592
1.283894
1.345618
1.212246
0.974601
0.784708
0.554711
0.375343
0.286154
0.487729
0.877630
1.060982
0.988449
0.825354
0.783186
1.021481
0.998369
0.935748
1.103806
1.254344
1.259824
1.070159
1.129027
1.039902
0.731939
0.488972
0.499799
0.560153
0.571407
0.899559
1.018560
0.981437
1.031834
1.062274
1.190614
1.115550
1.073614
1.029291
0.925871
0.751452
0.601605
0.635371
0.695275
0.878691
1.111921
1.186804
1.202287
1.247669
1.323584
1.155417
0.818907
0.607406
0.462353
0.338862
0.290825
0.651917
0.961468
1.000134
0.903822
0.763790
0.827088
1.057036
1.033988
1.093348
1.240967
1.324480
1.205732
1.023083
0.917819
0.683234
0.460874
0.339610
0.485207
0.764147
1.050473
1.074849
0.932746
0.869951
1.037853
1.098531
0.902245
0.941113
1.135533
1.154371
0.894348
0.964651
1.132617
0.983430
0.716856
0.825325
1.051233
0.905144
0.809234
1.062878
1.210906
1.151839
1.087626
1.242220
1.196897
0.872924
0.620164
0.645162
0.534805
0.400969
0.628574
0.954406
1.082232
1.130450
1.027059
0.996096
1.153295
1.035020
0.811869
0.752938
0.890499
0.774167
0.694288
0.952455
1.164881
1.278677
1.333525
1.348196
1.360480
1.060036
0.703566
0.463465
0.313139
0.225404
0.279419
0.738804
0.910202
0.836947
0.695389
0.586178
0.791520
1.055547
1.196530
1.295645
1.269402
1.279734
1.205725
0.894771
0.595343
0.411657
0.329158
0.276528
0.534515
0.901802
0.930785
0.838495
0.723478
0.736063
1.015733
1.113027
1.224993
1.316711
1.339658
1.307673
1.032899
0.750934
0.502407
0.341387
0.246241
0.347683
0.779242
0.969252
0.899087
0.749199
0.656144
0.872220
1.049501
1.120892
1.256480
1.291645
1.333634
1.182107
0.958142
0.682469
0.462458
0.329212
0.280064
0.501533
0.897451
0.988851
0.890304
0.748561
0.747201
1.009243
1.051212
1.120443
1.258355
1.319582
1.306041
1.080086
0.908644
0.653240
0.440903
0.305064
0.355040
0.659024
0.988690
1.018916
0.883519
0.763100
0.873416
1.068890
0.988977
1.070951
1.233629
1.323317
1.158647
1.041129
0.995553
0.738852
0.492513
0.378002
0.534482
0.687432
0.979720
1.070512
0.957458
0.933270
1.064040
1.189276
1.003822
0.975728
1.105455
1.058763
0.789079
0.726743
0.912698
0.862843
0.745999
0.962244
1.152001
1.263569
1.283562
1.349555
1.361230
1.063124
0.715258
0.489775
0.337483
0.236893
0.286942
0.739344
0.926238
0.870979
0.728961
0.613161
0.807376
1.056395
1.171215
1.287065
1.287753
1.304080
1.207666
0.915344
0.621283
0.421885
0.319848
0.265755
0.513073
0.898775
0.945208
0.845317
0.716906
0.720106
1.001572
1.091788
1.201546
1.302564
1.324912
1.314188
1.062751
0.797110
0.538886
0.367511
0.263113
0.331859
0.735177
0.975765
0.929922
0.785637
0.678899
0.852608
1.046662
1.085899
1.225002
1.293402
1.338775
1.197209
0.998567
0.746825
0.505456
0.350442
0.282989
0.462670
0.855985
1.010538
0.929142
0.780517
0.750799
0.990378
1.041916
1.062353
1.214945
1.304772
1.318098
1.092814
0.981477
0.756914
0.512940
0.346571
0.363259
0.595592
0.931846
1.060003
0.955703
0.823372
0.886170
1.099641
1.001193
0.974905
1.151943
1.275567
1.130437
0.958413
1.039299
0.903822
0.624398
0.472390
0.700212
0.830305
0.917347
1.122466
1.083241
1.110254
1.255682
1.323275
1.093107
0.855732
0.784633
0.590932
0.403400
0.363300
0.730258
1.049934
1.175457
1.080181
0.913851
0.988405
1.082634
0.818073
0.674650
0.844029
1.035280
0.878805
1.006130
1.172651
1.273353
1.190412
1.165232
1.216382
0.929715
0.640312
0.458769
0.464771
0.391891
0.550646
0.923459
0.978578
0.952450
0.908016
0.891198
1.097835
1.099083
1.121400
1.175000
1.263690
1.126950
0.884745
0.749772
0.622349
0.471024
0.393735
0.694038
1.025826
1.162604
1.124134
0.987246
1.017777
1.124837
0.872166
0.679682
0.735230
0.897737
0.758180
0.867718
1.107184
1.212079
1.298108
1.348400
1.382355
1.175656
0.834729
0.556400
0.374505
0.257342
0.227322
0.588253
0.909584
0.905231
0.772617
0.627988
0.693395
1.000407
1.121613
1.253657
1.292344
1.271373
1.280533
1.028153
0.724060
0.483913
0.359432
0.277666
0.373215
0.799785
0.960063
0.894821
0.772362
0.694866
0.912287
1.072422
1.148106
1.271941
1.321140
1.356610
1.149105
0.897291
0.630189
0.422519
0.292977
0.271865
0.578227
0.938860
0.973070
0.847053
0.702748
0.754961
1.023351
1.049412
1.159388
1.275368
1.315229
1.274489
1.071567
0.869385
0.602205
0.412222
0.295587
0.370645
0.697661
0.994191
0.987711
0.849275
0.749993
0.887924
1.064019
1.019742
1.134488
1.269147
1.340075
1.154661
1.021837
0.890092
0.628379
0.418789
0.338790
0.522498
0.793269
1.056621
1.036278
0.889460
0.872522
1.058901
1.081636
0.928775
1.029463
1.199689
1.164023
0.898520
0.968159
1.043509
0.811518
0.586789
0.757197
1.001878
0.940997
1.058874
1.170496
1.208729
1.222490
1.155056
1.122442
0.835893
0.632368
0.461352
0.438782
0.434495
0.729071
1.017670
1.036337
0.965665
0.920328
1.007437
1.108125
0.976726
0.994830
1.097099
1.145153
0.912360
0.895241
0.988951
0.906662
0.716059
0.801238
1.063575
1.107785
1.126273
1.255682
1.312905
1.224124
0.939221
0.785901
0.584386
0.408515
0.305779
0.522038
0.917472
1.098999
1.037982
0.877670
0.829025
1.058279
0.958624
0.836556
0.983774
1.187462
1.165040
1.032240
1.185587
1.244370
0.962040
0.668361
0.709569
0.653044
0.477056
0.541378
0.916814
1.095375
1.216028
1.164544
1.062013
1.189958
1.068999
0.769733
0.571820
0.597434
0.568481
0.521926
0.846980
1.036415
1.080360
1.133520
1.092560
1.183836
1.134958
0.966851
0.784016
0.685926
0.619797
0.507552
0.655585
0.975283
1.158452
1.223137
1.161695
1.144561
1.234055
0.974898
0.684366
0.529727
0.513657
0.427505
0.511075
0.900073
1.018243
1.025352
0.989403
0.934706
1.113578
1.087067
1.005167
0.979234
1.074583
0.996336
0.797395
0.817895
0.931267
0.915355
0.836705
1.069144
1.237892
1.293563
1.258058
1.326144
1.235694
0.866863
0.565701
0.407403
0.307509
0.244386
0.524581
0.881299
0.905885
0.814793
0.685944
0.691418
0.993322
1.134589
1.253299
1.321978
1.312019
1.313855
1.033123
0.721599
0.476093
0.333035
0.248013
0.337345
0.779794
0.945700
0.870687
0.733137
0.642453
0.863392
1.062939
1.165960
1.284698
1.298014
1.332251
1.180804
0.905464
0.618809
0.419096
0.305438
0.265495
0.540310
0.913668
0.951660
0.840977
0.705153
0.730094
1.010618
1.081679
1.193687
1.295213
1.319718
1.299727
1.060386
0.809251
0.549821
0.377118
0.271238
0.346928
0.737173
0.984727
0.944091
0.800772
0.698484
0.869868
1.049163
1.066988
1.205365
1.291584
1.344055
1.183870
1.008322
0.779801
0.530518
0.361980
0.294662
0.473219
0.845706
1.027446
0.953969
0.803011
0.776446
1.003355
1.038371
1.020713
1.177753
1.293006
1.300464
1.069067
1.015275
0.836909
0.573041
0.384458
0.412279
0.616751
0.882209
1.080201
1.008507
0.888835
0.961132
1.149072
1.047326
0.925905
1.063163
1.169002
0.982538
0.783855
0.947569
0.988528
0.768058
0.715791
1.017217
1.178829
1.098220
1.205977
1.276899
1.278226
0.946006
0.742988
0.626709
0.452910
0.326754
0.470363
0.893484
1.096825
1.076887
0.932218
0.835877
1.051201
0.983559
0.813817
0.890819
1.118888
1.142716
0.991948
1.153956
1.277476
1.115036
0.796507
0.825843
0.780518
0.554967
0.441815
0.777469
1.075511
1.236263
1.257241
1.114096
1.140051
1.127954
0.806321
0.541166
0.469993
0.538179
0.473255
0.760558
0.988379
0.976628
1.001225
0.997638
1.076128
1.152194
1.104989
1.086417
1.035661
0.988199
0.755640
0.660960
0.639877
0.703811
0.795215
1.046079
1.181774
1.223751
1.263401
1.332423
1.274666
0.931349
0.653950
0.474293
0.339806
0.251679
0.452889
0.872113
0.972724
0.892733
0.746633
0.695087
0.971680
1.067604
1.137439
1.266812
1.306046
1.326899
1.101083
0.887438
0.630400
0.428636
0.300959
0.320392
0.646592
0.977015
0.996897
0.866447
0.736437
0.833781
1.052485
1.014012
1.113341
1.255663
1.330559
1.206318
1.055685
0.935165
0.669319
0.448627
0.332094
0.453329
0.691896
1.005424
1.038443
0.904006
0.840675
0.974837
1.114060
0.979421
1.037513
1.206529
1.256718
1.000351
0.932070
0.981467
0.771836
0.531970
0.541079
0.857986
0.966380
1.127901
1.179485
1.095301
1.208324
1.220895
1.046224
0.747528
0.646926
0.571023
0.438345
0.455429
0.838061
1.055195
1.133092
1.065387
0.966875
1.097246
1.086983
0.860703
0.741248
0.848036
0.889275
0.727141
0.899403
1.137841
1.270391
1.296494
1.352016
1.379736
1.131486
0.761077
0.502201
0.341685
0.238970
0.236697
0.660716
0.903001
0.864559
0.728427
0.597107
0.725234
1.025925
1.168603
1.286140
1.283445
1.265332
1.249975
0.956443
0.644788
0.435630
0.341016
0.274129
0.447890
0.863339
0.941130
0.857191
0.741379
0.704682
0.972630
1.097330
1.201148
1.305961
1.332022
1.341945
1.087071
0.805966
0.544132
0.366705
0.259045
0.297619
0.698259
0.960090
0.922911
0.780161
0.659155
0.807302
1.039736
1.098206
1.234997
1.292081
1.323283
1.226389
1.003767
0.735457
0.496168
0.351021
0.273949
0.432057
0.839882
0.992935
0.915761
0.771879
0.724303
0.962779
1.052883
1.095040
1.237628
1.308850
1.337255
1.115668
0.948787
0.703628
0.475532
0.324069
0.322517
0.585107
0.946527
1.031563
0.915051
0.774142
0.829302
1.062904
1.000936
1.038698
1.209196
1.311857
1.211366
1.042587
1.020737
0.793086
0.533252
0.378612
0.498196
0.655666
0.926509
1.076974
0.982408
0.920995
1.033971
1.191399
1.038339
0.956595
1.085347
1.088974
0.840770
0.704630
0.889747
0.896101
0.754558
0.907674
1.126081
1.255705
1.266969
1.338076
1.374144
1.127556
0.770206
0.523846
0.364308
0.253617
